00110100000000100001001000110100
00110100000000110011010001010110
00110100000111010000000000001100
00110100000001100011010001010110
00000000010000110010000000100001
10101100000000100000000000000000
10101100000000110000000000000100
10101111101001000000000000000100
10001100000001010000000000000000
00000000000000000000000000000000
00000000011001000011000000100011
00010000010001010000000000000001
10001111101000110000000000000100
10001111101000110000000000000100
10001111101000110000000000000100
10001100000001010000000000000100
