1000
20
5 26 79 47 11 16 4 65 64 14 35 41 50 52 18 21 2 95 10 98
20
90 60 59 80 42 25 35 100 94 74 39 77 8 88 95 64 33 44 14 50
20
52 94 43 91 38 55 19 62 79 59 85 26 60 15 34 21 20 68 0 42
20
23 6 96 44 70 72 40 33 3 47 100 87 60 52 63 24 2 55 32 89
20
54 34 56 61 6 25 39 77 60 46 37 71 87 15 30 12 16 67 40 78
20
51 30 90 68 89 80 64 63 3 98 37 45 57 95 36 65 93 20 33 6
20
45 70 78 37 25 96 81 28 42 16 52 8 34 11 61 83 88 68 2 7
20
90 66 87 16 47 12 72 14 55 98 100 9 31 89 73 96 92 42 29 26
20
28 45 67 48 5 74 17 35 86 73 7 39 47 57 90 100 75 58 94 96
20
3 44 70 7 91 22 58 100 46 92 16 45 81 64 9 8 74 23 14 1
20
56 85 9 20 11 28 91 22 62 31 12 73 5 81 17 44 78 16 86 54
20
2 37 22 51 46 31 68 40 16 59 10 86 100 35 75 94 25 56 78 33
20
9 74 66 24 60 58 42 87 52 94 0 15 11 69 1 23 3 17 91 51
20
15 42 87 26 78 22 46 13 33 23 88 8 12 96 4 51 70 84 59 1
20
96 17 91 79 33 62 55 13 71 88 81 67 41 60 69 29 92 28 47 45
20
49 94 69 53 86 82 92 96 54 66 48 32 68 100 5 16 38 17 77 79
20
70 69 82 12 0 44 29 53 20 68 7 60 3 36 63 73 45 100 9 41
20
71 35 75 64 8 10 38 55 48 4 98 81 86 14 12 6 96 79 61 88
20
56 87 67 53 6 23 74 12 85 37 11 17 2 71 18 25 86 54 68 90
20
47 69 56 76 52 3 32 26 0 42 71 74 39 22 98 85 30 33 79 58
20
48 85 33 89 99 41 39 24 8 25 97 66 42 20 22 54 98 26 9 2
20
93 39 67 43 68 18 4 2 47 36 15 27 34 29 11 85 97 90 49 26
20
47 0 16 13 64 54 34 57 35 85 12 68 58 69 3 42 38 61 95 5
20
80 51 60 97 98 32 58 18 28 19 47 54 78 42 68 50 2 94 24 45
20
59 17 57 76 62 7 78 53 92 26 20 15 25 3 69 16 60 39 93 21
20
3 9 4 99 85 8 1 64 96 35 70 66 11 14 7 73 95 88 18 24
20
10 81 9 82 22 25 4 12 64 46 79 55 93 85 75 31 76 27 70 20
20
32 89 91 93 27 49 80 100 42 17 29 88 24 55 7 44 22 34 33 20
20
81 1 11 65 98 12 95 23 91 68 31 8 17 3 71 76 92 19 10 100
20
15 16 94 3 93 87 12 60 29 42 9 89 24 8 26 86 88 49 41 55
20
99 53 65 49 70 41 84 36 28 56 92 96 93 4 97 42 13 88 1 27
20
14 20 7 35 46 98 38 24 51 47 54 6 67 65 79 40 1 68 57 99
20
38 31 30 84 26 37 56 44 83 41 94 68 34 97 65 33 42 88 16 71
20
97 47 78 65 18 63 83 8 34 22 16 30 0 96 40 45 88 71 84 66
20
40 91 33 70 8 49 52 88 61 58 55 1 85 26 35 12 76 10 7 100
20
77 23 32 34 62 95 5 54 60 61 71 90 41 40 12 31 4 64 29 97
20
68 57 62 29 7 63 10 65 77 39 74 18 13 79 56 9 76 40 91 96
20
54 67 10 29 89 61 1 84 16 23 88 38 63 60 4 21 81 50 68 95
20
22 48 94 86 8 30 70 33 18 76 83 10 32 12 71 64 69 54 28 95
20
22 66 26 27 11 55 97 80 8 28 86 40 32 99 37 67 48 38 84 100
20
33 83 67 32 21 82 38 53 66 24 88 62 84 17 27 34 6 75 28 57
20
99 92 97 28 72 43 36 49 85 30 61 7 87 42 2 81 98 93 10 94
20
65 19 9 92 74 87 30 57 58 43 52 84 34 7 2 72 53 25 45 89
20
25 71 59 65 86 6 24 54 81 62 78 14 87 15 49 21 51 9 42 84
20
53 10 5 0 15 37 86 31 88 81 7 61 35 38 39 60 26 3 71 16
20
62 44 19 47 98 100 82 67 94 57 0 9 23 77 11 76 54 10 51 96
20
80 83 79 4 24 52 19 76 77 23 78 63 26 94 81 13 38 20 98 47
20
71 31 35 47 59 25 50 52 40 17 45 81 83 6 53 89 11 82 96 61
20
29 81 72 62 49 92 10 34 0 68 83 78 84 74 53 3 18 36 22 57
20
68 98 97 79 52 67 74 78 55 29 18 80 83 73 81 75 64 70 41 22
20
48 57 2 26 33 54 78 80 61 65 72 10 52 94 60 51 92 99 75 38
20
13 36 54 66 76 30 29 63 37 91 65 61 24 81 87 16 69 90 44 17
20
64 43 7 59 10 53 83 52 46 69 8 29 48 79 92 36 21 70 42 56
20
21 14 70 35 81 0 36 84 33 74 11 87 51 60 98 73 80 63 69 43
20
1 15 30 55 20 58 42 19 83 43 65 39 29 16 64 61 57 37 32 12
20
62 47 78 60 19 56 84 92 98 5 32 42 83 58 52 18 53 54 73 89
20
58 100 25 47 89 55 42 96 18 3 95 78 40 44 82 38 23 2 80 68
20
21 36 16 95 10 39 63 19 50 37 24 87 25 1 60 58 72 47 79 35
20
7 75 68 9 36 15 55 38 45 46 66 0 40 10 62 88 92 83 35 28
20
13 31 92 35 64 12 42 76 34 8 6 16 79 83 98 19 71 5 22 52
20
56 33 59 47 89 94 71 5 99 9 54 61 85 90 3 22 66 30 2 63
20
67 68 34 70 32 87 66 45 61 48 41 10 63 3 53 36 7 97 55 83
20
100 78 23 98 50 10 7 91 0 22 62 66 85 19 43 65 96 75 24 17
20
100 71 17 40 18 83 13 75 68 63 77 9 60 20 28 98 37 4 59 65
20
39 15 41 56 61 79 22 19 2 44 68 62 60 69 12 3 86 64 55 52
20
94 68 33 25 12 42 80 46 95 35 77 10 34 47 85 99 78 32 19 22
20
75 34 29 87 5 25 77 57 30 70 12 78 31 20 66 95 33 48 65 45
20
12 63 88 75 61 11 97 9 21 80 74 79 43 19 72 36 31 68 55 15
20
20 73 40 72 47 39 35 86 55 0 75 18 21 44 65 69 29 83 52 99
20
7 60 44 31 30 85 41 4 0 100 2 77 13 74 32 94 91 42 35 11
20
98 70 55 28 8 34 37 72 35 49 17 32 58 100 1 56 50 2 33 90
20
69 77 40 95 79 74 63 28 11 68 32 97 3 49 96 15 13 42 18 64
20
2 18 6 42 50 33 17 12 57 71 83 95 78 32 67 41 59 72 11 99
20
25 15 16 24 57 67 18 86 21 79 12 97 61 95 94 87 88 36 85 100
20
46 34 87 23 90 0 88 37 44 96 59 18 7 57 60 83 9 70 62 95
20
50 97 4 1 34 61 36 62 90 46 42 72 27 7 45 19 23 35 2 80
20
16 83 17 56 15 52 100 73 87 37 79 10 13 60 5 36 22 45 34 35
20
89 32 66 85 72 88 59 70 52 92 75 29 10 61 64 2 62 96 41 65
20
5 52 45 7 49 85 87 20 27 90 100 16 75 95 38 33 83 74 26 67
20
96 51 71 68 60 44 90 46 76 86 14 89 0 82 6 17 72 30 95 47
20
16 25 79 78 98 13 52 70 95 77 51 19 66 57 81 73 89 48 93 59
20
79 89 62 99 41 27 55 18 53 100 48 32 93 56 34 73 33 61 54 20
20
0 9 54 19 29 60 23 99 17 3 100 93 32 64 36 85 45 43 53 55
20
43 80 6 4 47 49 41 63 65 84 59 75 69 44 32 67 53 62 54 40
20
8 74 29 24 67 25 61 52 56 70 76 6 97 17 38 26 16 55 33 36
20
60 13 65 32 49 99 72 24 96 53 77 39 71 61 87 41 67 11 59 7
20
25 66 52 43 87 41 38 13 86 98 3 62 47 11 90 7 54 40 45 17
20
61 100 56 50 35 88 78 55 15 69 11 86 3 83 89 31 97 77 95 37
20
78 19 17 64 66 83 43 93 52 77 84 12 81 6 72 1 70 44 30 39
20
87 57 50 63 30 73 4 54 33 48 97 19 18 59 83 88 74 23 42 98
20
71 66 27 47 22 31 7 87 85 29 25 78 65 62 19 89 98 3 30 84
20
83 16 86 17 79 25 62 69 2 0 64 9 45 63 74 40 71 32 38 59
20
49 1 53 99 19 88 7 94 6 83 27 64 48 38 50 86 15 81 3 60
20
23 49 35 58 56 11 25 12 38 96 55 4 64 37 92 21 44 20 88 19
20
73 16 61 45 89 7 76 28 21 4 91 95 55 54 10 86 60 34 2 44
20
97 14 66 7 69 12 74 21 4 80 45 70 23 29 71 87 35 38 26 84
20
95 59 74 90 12 62 51 83 55 57 31 42 87 54 40 22 5 47 67 99
20
26 65 63 93 94 96 20 82 88 98 18 16 57 51 90 37 32 41 53 64
20
27 28 42 38 88 37 84 53 68 59 19 1 10 99 90 77 21 34 24 94
20
27 94 49 78 91 85 98 95 100 62 66 74 30 33 22 34 50 43 20 86
20
29 56 49 18 74 55 83 63 89 95 7 67 98 8 78 0 15 76 75 71
20
88 22 72 38 5 15 97 12 46 49 10 64 83 47 79 32 55 9 65 56
20
78 70 45 36 94 34 43 79 6 95 56 84 26 21 39 15 14 96 50 75
20
49 46 93 88 9 8 74 10 50 36 12 54 76 69 62 3 77 45 78 4
20
64 16 12 49 6 83 9 96 10 41 58 77 34 17 22 56 100 7 99 88
20
44 74 14 13 84 68 37 25 96 31 9 36 42 52 21 71 64 67 43 87
20
9 24 80 44 82 56 77 49 15 16 29 38 68 1 72 95 53 62 58 23
20
25 49 21 53 15 14 89 73 22 36 63 67 81 19 41 84 75 98 23 72
20
33 73 89 4 93 42 88 71 62 81 79 18 0 22 47 44 63 7 2 12
20
44 35 78 59 19 14 71 69 97 6 1 89 88 87 29 24 73 9 3 61
20
45 59 44 95 82 21 84 71 0 83 20 29 66 52 77 74 30 61 37 12
20
47 69 5 59 22 51 58 41 97 75 96 56 68 46 95 64 77 8 82 10
20
4 84 32 54 28 74 7 41 100 11 66 96 19 60 76 13 77 20 68 50
20
73 88 62 19 99 52 8 86 76 5 35 68 10 77 58 64 38 74 48 67
20
8 53 93 48 21 3 15 19 49 47 73 70 0 31 18 86 75 62 78 24
20
23 2 39 12 52 64 90 19 92 1 33 22 7 16 65 37 72 46 56 93
20
27 43 73 15 10 60 62 61 57 23 81 53 2 71 34 16 44 6 19 1
20
72 35 17 2 39 93 55 27 70 37 33 51 44 15 65 47 32 81 78 7
20
25 48 82 84 70 97 0 52 54 99 58 24 77 71 40 90 59 26 6 64
20
76 10 84 69 40 65 90 64 79 51 85 4 93 21 31 83 44 32 14 72
20
74 94 70 6 15 55 90 4 82 96 89 95 49 27 56 73 93 16 35 21
20
76 70 73 63 30 18 87 48 51 9 67 42 24 32 50 12 46 54 40 98
20
29 27 1 96 35 44 42 10 12 78 45 37 38 17 23 90 91 51 26 95
20
68 78 75 94 38 98 89 3 96 26 79 4 36 24 6 12 55 91 8 73
20
60 73 33 21 40 82 81 43 85 9 51 96 67 89 66 10 8 71 78 65
20
67 40 62 18 39 69 41 91 36 55 11 74 34 63 6 7 50 45 30 26
20
23 88 66 51 74 40 13 60 69 7 90 4 11 16 78 25 82 89 8 24
20
46 73 15 8 39 49 59 89 95 51 9 91 77 32 63 6 42 2 29 81
20
5 4 24 88 11 3 34 64 26 91 81 41 1 93 50 35 6 63 32 65
20
72 49 37 7 46 31 36 93 85 42 89 95 63 48 77 86 5 79 75 52
20
24 76 63 30 39 54 66 8 88 43 25 49 27 61 26 3 81 97 5 6
20
19 71 40 52 63 78 24 14 55 69 46 3 28 50 95 42 65 18 87 74
20
86 28 69 88 97 79 39 29 27 47 26 62 52 23 13 75 92 73 45 38
20
53 91 46 49 8 3 78 0 57 1 45 70 63 66 83 41 18 15 10 44
20
28 98 78 17 72 4 44 30 87 59 14 27 91 23 6 96 37 42 55 34
20
29 86 27 79 90 55 9 19 50 63 22 20 16 58 71 48 61 54 36 56
20
6 74 82 24 13 49 72 34 30 53 84 93 62 77 96 16 94 57 23 79
20
57 43 49 18 90 59 64 29 23 94 2 33 55 26 76 85 9 82 51 60
20
58 93 86 50 25 85 97 57 89 63 29 74 17 87 96 36 24 90 35 53
20
56 22 14 17 15 16 9 35 74 1 37 71 80 8 96 61 75 3 46 84
20
51 17 80 5 84 77 57 88 38 40 50 13 78 11 28 24 2 30 3 44
20
51 84 93 20 100 52 26 36 61 68 0 60 53 58 97 24 83 79 59 77
20
13 50 79 93 15 17 43 49 66 8 4 87 34 44 89 45 42 7 25 74
20
84 97 6 25 77 32 64 21 79 75 86 33 7 74 4 99 93 73 48 54
20
76 79 2 80 9 33 32 20 92 31 100 30 91 78 68 44 70 58 35 17
20
78 63 37 44 1 12 31 33 43 90 11 91 21 82 23 2 57 50 38 60
20
50 45 47 86 11 69 51 23 27 71 93 79 70 77 42 31 61 18 29 74
20
2 39 33 19 97 11 29 53 15 67 34 0 81 71 85 86 18 72 54 70
20
99 2 28 47 39 93 50 17 8 42 27 57 34 21 33 18 0 66 41 52
20
13 91 59 90 8 60 22 2 29 5 95 62 36 50 100 75 14 45 94 70
20
42 63 64 76 30 86 10 98 34 51 80 22 62 55 74 17 40 6 68 28
20
63 59 75 67 41 57 14 83 15 82 89 92 73 58 10 50 64 70 27 18
20
60 58 88 46 50 18 8 20 72 25 98 48 51 34 85 83 75 17 73 24
20
92 96 11 18 8 98 55 29 89 94 70 1 84 47 37 67 14 72 23 91
20
64 36 80 27 22 88 17 13 55 40 45 75 59 4 98 69 67 6 49 57
20
46 18 93 70 14 10 37 77 31 12 73 85 84 42 33 87 62 52 57 60
20
66 10 41 60 63 30 62 18 94 64 40 32 86 68 9 17 6 12 91 93
20
100 51 26 7 95 44 45 77 38 31 30 6 61 97 47 69 13 65 55 43
20
49 38 27 56 62 53 40 18 65 81 98 64 11 39 82 29 32 5 33 34
20
47 45 63 69 75 97 12 70 44 8 95 35 62 55 48 74 92 11 29 0
20
77 36 4 83 53 46 32 11 67 96 2 65 16 8 47 100 6 41 73 44
20
92 40 44 77 84 89 87 78 31 72 32 79 9 13 83 56 22 42 0 33
20
99 35 50 29 7 68 19 42 51 20 36 11 24 77 78 34 66 88 84 49
20
17 42 77 58 11 7 20 71 96 48 64 68 27 34 56 36 73 65 88 55
20
40 55 24 3 87 32 31 53 8 90 49 9 18 13 61 75 29 80 84 82
20
53 91 65 95 71 25 63 78 64 36 17 88 61 21 43 42 81 2 68 77
20
13 34 36 8 24 100 82 90 60 47 7 5 65 30 37 40 52 62 85 87
20
36 7 19 30 52 21 25 100 44 0 66 22 57 23 81 58 54 71 45 38
20
38 10 82 99 24 69 92 86 1 8 22 14 71 75 47 100 52 41 6 19
20
42 3 79 20 71 36 49 57 48 30 39 5 64 82 66 60 72 52 23 9
20
87 41 71 26 65 57 54 94 40 60 74 55 86 8 51 6 56 2 67 24
20
15 19 62 37 93 84 97 54 75 95 31 51 42 72 30 38 35 23 98 25
20
6 58 23 1 40 97 52 38 42 45 56 36 33 73 59 20 3 78 54 70
20
80 87 13 62 65 0 76 1 99 94 52 77 57 67 90 58 42 46 34 48
20
52 24 22 60 83 87 16 23 25 69 2 56 36 72 64 66 17 84 80 47
20
90 32 86 8 62 29 1 2 61 30 12 31 75 45 34 95 18 63 24 22
20
48 68 51 10 5 87 91 72 24 95 39 36 46 94 90 99 7 22 13 38
20
89 72 78 64 35 18 9 57 68 59 66 88 25 67 58 97 63 85 74 79
20
51 56 3 9 10 84 48 39 98 47 69 71 86 76 12 85 8 11 26 17
20
91 73 4 69 64 25 9 35 67 24 1 95 18 70 61 20 23 2 90 88
20
21 83 28 6 52 37 88 12 61 76 53 98 19 75 2 34 93 71 64 51
20
72 75 66 59 88 79 64 11 95 67 23 13 20 100 36 47 10 1 26 61
20
56 35 6 17 11 45 61 19 43 20 74 100 32 97 26 89 92 59 25 36
20
15 54 13 69 100 44 75 71 51 73 99 2 17 56 35 34 90 23 68 7
20
11 59 65 27 44 16 45 53 38 79 92 31 10 9 19 7 87 100 60 76
20
44 35 18 31 33 98 46 21 55 34 76 56 57 47 67 14 91 19 40 93
20
97 49 94 21 57 96 76 86 9 46 22 62 61 84 55 98 26 47 12 52
20
14 77 28 44 25 13 71 99 86 65 6 12 64 89 74 92 90 2 7 88
20
89 72 6 61 37 91 87 45 66 9 90 82 76 98 77 78 51 81 39 2
20
47 27 71 60 55 24 57 67 95 35 49 28 17 59 0 53 16 46 5 89
20
98 44 16 27 26 12 39 100 15 73 47 85 64 86 76 29 37 13 25 95
20
16 85 10 36 60 69 18 47 35 70 94 42 21 76 68 64 38 7 80 11
20
84 0 69 35 9 95 100 40 99 43 92 48 2 7 61 3 94 49 37 46
20
84 93 21 91 10 42 67 3 56 35 58 29 8 17 60 72 19 0 59 85
20
61 95 58 83 48 45 41 73 38 93 31 60 96 65 69 24 67 89 50 21
20
24 91 29 93 25 42 4 47 57 53 13 96 65 94 74 19 90 60 64 55
20
74 45 22 63 87 48 32 24 54 29 59 65 73 88 39 46 43 99 18 20
20
10 2 21 35 3 19 76 14 4 49 55 73 64 80 12 23 27 62 28 87
20
69 82 43 94 70 87 61 36 13 46 33 35 77 14 65 41 98 7 40 11
20
60 52 58 50 99 15 85 67 96 26 95 71 32 12 35 7 41 44 11 38
20
15 74 98 29 33 57 73 81 49 0 55 88 47 40 78 82 42 1 11 25
20
59 2 66 20 19 15 45 5 46 10 36 37 56 50 86 90 82 54 16 84
20
60 100 59 68 64 70 22 38 30 32 31 14 95 45 25 10 39 76 8 7
20
56 60 99 22 70 75 13 25 92 71 10 43 24 63 23 45 41 0 38 9
20
31 0 67 43 82 73 81 56 66 94 6 36 40 92 50 27 70 99 76 97
20
57 87 36 43 68 78 81 64 49 83 23 39 65 62 56 67 17 29 2 45
20
64 72 94 75 85 16 41 6 48 26 42 19 1 31 36 0 89 9 79 61
20
52 98 56 65 40 74 50 30 63 86 33 73 66 18 3 81 84 20 94 23
20
1 28 60 75 9 84 100 15 44 38 50 0 80 70 54 92 17 98 53 11
20
71 36 15 94 79 80 99 44 97 83 69 92 46 4 91 45 13 78 81 64
20
34 59 95 99 43 23 81 49 71 74 70 17 79 94 0 47 12 35 22 80
20
97 38 19 17 6 26 84 63 18 80 44 50 39 16 33 29 5 66 89 56
20
40 78 24 59 49 54 31 91 20 55 14 66 92 60 97 13 42 37 15 34
20
2 57 15 71 89 99 23 22 97 96 28 82 76 49 18 88 63 4 26 8
20
94 53 83 92 38 88 85 14 95 56 17 68 70 55 76 42 40 93 3 47
20
41 18 65 95 22 29 76 68 48 27 92 52 84 93 62 56 14 100 51 2
20
86 57 38 98 62 52 69 71 90 56 63 91 64 74 92 88 55 47 34 32
20
75 83 40 95 56 67 59 22 92 94 34 52 26 6 24 49 32 4 13 73
20
78 33 30 97 5 65 24 0 82 55 92 47 94 62 7 6 91 49 9 59
20
77 42 30 13 0 35 70 50 55 54 71 62 76 40 14 47 97 86 18 61
20
0 92 61 35 39 55 59 2 79 29 85 25 100 49 62 64 8 36 57 83
20
16 74 29 7 87 60 69 56 42 10 51 46 40 100 89 66 35 58 62 61
20
18 5 66 75 33 85 78 13 51 61 50 36 35 19 73 38 42 69 49 32
20
52 63 24 80 93 1 25 97 76 77 92 85 44 98 27 53 83 84 10 68
20
29 43 13 97 3 52 76 81 92 4 89 67 16 32 31 2 44 83 61 65
20
50 23 38 37 8 49 14 93 20 3 85 76 73 47 40 18 11 69 68 39
20
26 35 56 51 48 61 2 55 19 22 17 36 0 96 68 66 13 3 89 31
20
90 52 4 69 0 77 86 62 30 53 26 10 85 23 67 96 93 89 15 39
20
38 43 8 53 11 97 47 39 25 76 26 15 98 50 44 90 54 20 21 10
20
66 25 17 62 93 76 91 7 19 46 2 82 49 98 21 36 43 30 81 53
20
81 45 78 2 35 22 42 25 63 66 37 72 95 82 13 91 100 36 71 5
20
73 39 47 88 51 5 71 6 20 62 35 83 97 37 55 66 21 1 27 0
20
74 36 78 64 100 81 97 5 34 88 52 83 89 71 65 86 84 80 44 79
20
64 5 76 39 30 84 91 53 26 65 11 88 38 74 37 71 89 20 41 60
20
81 77 4 11 100 34 10 42 17 38 61 83 31 14 41 71 62 47 49 86
20
63 2 61 40 30 31 98 43 26 44 28 94 74 21 5 69 18 83 78 23
20
36 33 73 42 75 92 60 3 47 31 100 32 45 25 26 71 78 70 88 19
20
82 54 38 31 49 59 29 28 16 35 34 23 55 87 32 46 77 89 41 90
20
34 30 32 22 60 27 84 98 21 97 26 8 31 95 76 82 10 49 14 73
20
43 28 20 97 6 66 75 81 96 77 62 44 48 8 99 58 88 38 95 76
20
59 12 61 87 81 25 62 36 2 4 42 73 43 29 88 7 49 33 96 26
20
83 86 59 100 27 8 98 9 71 2 53 12 68 32 21 65 67 92 51 18
20
97 41 91 83 48 10 38 40 42 85 20 11 75 73 12 3 68 44 4 43
20
66 78 6 53 47 72 57 28 89 0 19 11 17 46 22 55 29 3 9 92
20
23 15 27 73 36 92 96 75 72 14 71 46 38 51 70 0 10 98 84 42
20
7 15 98 71 8 38 39 79 88 78 5 47 3 54 92 97 67 16 90 25
20
16 65 97 92 71 29 38 79 56 3 13 48 45 17 14 68 52 80 6 21
20
80 30 49 52 46 90 40 86 45 47 51 100 2 36 22 1 37 0 96 63
20
22 6 23 17 75 21 93 18 56 77 5 0 53 51 58 76 36 98 65 100
20
99 41 7 45 93 80 40 26 63 18 35 62 57 69 61 38 56 49 15 44
20
24 15 90 54 40 55 44 17 48 29 34 96 31 66 45 30 87 33 35 86
20
32 31 85 97 91 20 93 48 56 53 41 100 43 36 19 90 35 99 96 28
20
51 48 38 33 81 47 30 70 95 62 46 60 75 5 31 73 12 54 42 37
20
34 39 6 57 60 56 85 66 36 77 45 21 4 88 95 84 52 42 80 72
20
31 62 57 48 88 16 29 91 45 95 18 81 49 36 2 12 54 93 98 30
20
47 16 19 59 95 43 34 15 86 8 39 77 85 45 36 98 97 54 46 37
20
4 57 58 32 46 19 99 8 6 90 41 55 52 100 61 95 23 91 37 80
20
47 73 79 23 33 95 45 72 50 41 30 51 70 5 31 84 14 57 48 66
20
61 94 37 55 71 60 86 74 57 85 93 20 82 5 63 35 3 69 13 48
20
2 58 74 52 64 82 33 73 50 21 34 35 81 7 53 16 94 59 18 57
20
62 24 15 20 65 31 7 6 22 95 73 16 90 38 35 72 26 13 100 96
20
29 61 75 35 84 59 83 48 6 85 89 23 45 34 60 40 24 97 80 86
20
3 40 55 15 47 41 12 91 7 43 46 63 8 44 66 52 35 9 58 61
20
52 57 4 67 34 11 60 20 43 74 62 27 93 91 82 51 32 8 30 100
20
91 88 70 58 66 51 96 4 28 46 73 37 65 39 27 95 67 80 18 29
20
85 42 43 86 18 100 16 55 61 97 80 37 23 30 15 40 36 84 75 98
20
61 76 35 40 79 10 27 55 72 47 75 3 67 99 45 8 69 30 98 93
20
30 20 69 76 62 27 4 64 96 16 54 15 55 32 0 74 94 1 97 81
20
67 56 92 58 61 71 87 14 52 2 89 78 57 31 63 70 65 12 10 34
20
30 38 55 84 74 95 8 100 56 60 57 51 52 50 91 85 33 53 73 72
20
84 85 16 72 87 74 62 20 12 9 79 55 94 22 14 99 89 67 35 1
20
90 91 39 63 12 6 100 60 76 3 41 58 55 54 42 29 10 66 21 89
20
87 52 57 36 59 46 50 25 62 40 41 63 22 56 9 32 26 20 7 65
20
95 24 77 37 48 60 9 72 41 34 93 14 1 74 82 99 51 90 85 54
20
29 89 87 4 68 24 84 21 46 49 77 20 34 47 37 42 0 78 95 51
20
13 10 71 54 9 90 75 41 59 17 28 3 65 46 97 70 44 57 26 29
20
87 35 79 21 49 74 9 64 91 58 45 73 66 59 25 84 12 65 76 92
20
19 72 95 15 30 23 34 1 91 50 44 28 43 67 65 29 62 51 80 0
20
50 29 21 96 59 89 95 37 79 68 71 2 60 83 85 41 6 67 39 87
20
73 6 43 88 18 61 17 95 69 20 63 50 59 5 37 60 25 56 34 93
20
27 16 7 25 97 49 98 95 71 9 94 79 10 19 26 58 4 62 38 31
20
97 48 98 65 89 21 6 18 95 53 9 16 68 62 3 50 64 39 67 74
20
15 24 98 59 82 23 35 79 74 71 13 62 39 30 66 73 5 89 64 26
20
6 45 32 51 95 38 26 19 29 71 93 48 54 46 77 12 20 30 66 70
20
21 59 30 42 44 82 94 8 20 86 43 3 13 71 38 4 7 2 50 29
20
74 38 29 5 53 80 44 73 13 17 21 43 6 26 16 7 19 71 92 31
20
83 15 78 85 14 38 79 81 89 24 73 51 16 97 4 82 7 93 96 77
20
5 96 74 56 88 86 33 51 12 37 4 71 54 79 49 25 78 20 93 47
20
68 85 77 10 46 55 61 47 70 73 80 86 53 0 44 39 41 84 64 3
20
59 50 75 42 65 73 52 87 72 46 3 100 26 16 23 49 45 9 95 19
20
92 23 61 82 29 30 15 10 84 17 4 71 44 22 37 89 35 45 73 34
20
81 1 77 6 82 50 70 83 54 62 85 33 11 37 91 3 60 21 97 56
20
67 20 1 25 87 89 7 88 37 69 27 46 49 65 57 81 56 29 53 86
20
5 29 78 87 19 8 47 86 7 22 97 82 10 79 67 46 13 64 99 6
20
40 27 74 23 94 67 15 81 16 61 72 89 86 75 59 64 54 8 95 93
20
91 55 10 54 85 86 6 41 62 28 69 57 15 32 45 24 35 21 50 95
20
16 42 23 32 64 8 63 96 74 22 10 95 60 50 51 21 17 75 33 78
20
91 53 49 48 26 43 81 0 59 42 67 40 24 58 94 12 80 69 4 37
20
90 4 73 75 27 17 0 1 3 55 19 67 28 43 21 15 53 94 98 24
20
24 97 61 21 72 13 91 77 16 46 45 68 35 94 56 60 98 48 27 36
20
65 29 13 32 2 20 54 4 82 71 34 1 16 68 95 86 44 21 80 57
20
78 0 6 60 59 73 66 16 86 52 23 39 31 91 5 99 44 29 57 43
20
60 54 3 85 10 24 33 88 41 8 79 43 63 15 86 21 56 40 80 13
20
52 33 99 45 40 9 54 35 82 7 70 17 41 83 58 51 37 26 86 60
20
28 4 94 3 66 73 44 46 61 81 29 87 9 57 72 33 76 19 31 8
20
96 100 68 18 50 97 20 54 56 9 4 87 42 49 89 63 36 78 7 69
20
4 63 65 17 28 71 46 22 42 100 84 54 75 79 53 88 74 76 95 91
20
15 40 49 52 18 70 68 30 39 71 92 5 9 89 88 50 10 83 44 8
20
16 93 92 22 43 83 56 82 7 21 54 13 99 69 51 71 58 9 74 24
20
71 90 88 44 23 9 70 47 4 34 26 79 37 86 15 99 30 33 65 56
20
41 50 88 32 72 37 39 13 90 95 83 68 58 6 100 12 23 38 69 76
20
5 16 73 68 31 51 65 32 91 44 25 2 81 24 72 97 63 57 41 85
20
28 32 69 6 24 98 17 49 22 85 54 15 52 20 44 68 93 99 13 11
20
18 20 93 72 71 3 9 26 70 73 24 35 1 79 86 49 45 63 21 66
20
25 8 16 65 70 20 46 1 80 60 67 57 94 95 24 6 68 91 90 35
20
62 95 17 5 52 45 66 33 34 2 54 83 91 86 69 71 100 63 14 27
20
20 80 35 23 63 90 37 0 39 87 81 47 75 19 31 76 27 1 91 78
20
82 85 75 35 81 92 28 17 48 44 13 91 41 74 50 24 45 3 51 32
20
70 28 90 74 46 25 54 52 92 76 83 32 1 94 56 97 0 24 18 30
20
83 92 84 28 90 67 32 82 34 15 47 39 44 59 35 57 23 78 26 98
20
68 87 52 38 92 69 4 20 96 32 47 42 83 89 2 43 10 78 73 59
20
4 1 56 10 71 34 70 19 66 24 99 2 98 43 86 65 52 89 18 88
20
36 70 33 96 61 73 5 64 74 4 89 39 77 48 63 78 69 43 32 25
20
46 53 23 70 13 30 6 33 50 65 80 54 86 14 39 99 22 4 7 75
20
93 49 97 83 75 29 69 95 57 27 48 65 89 62 17 72 32 70 44 43
20
47 92 24 31 0 33 13 54 97 81 72 4 100 93 95 87 10 14 20 94
20
86 37 61 58 13 90 76 36 24 69 80 30 35 98 32 19 85 82 100 16
20
67 65 79 62 46 28 87 35 16 74 94 96 37 44 22 41 10 48 21 77
20
89 73 47 80 31 6 24 69 57 76 90 45 12 51 74 78 54 5 38 88
20
96 49 63 81 66 73 14 34 32 84 6 40 36 61 95 89 55 57 60 83
20
95 36 88 31 80 34 55 93 21 70 4 89 25 94 44 6 73 16 13 60
20
95 31 3 54 53 60 94 91 70 24 30 51 69 75 42 9 8 55 97 90
20
21 2 59 28 5 55 45 10 76 98 70 47 68 100 50 77 20 91 64 56
20
21 54 15 61 73 30 70 47 96 10 51 25 57 90 22 48 84 17 19 79
20
42 45 34 36 83 1 87 14 28 31 43 67 49 40 71 26 30 99 12 19
20
89 2 96 95 64 17 61 28 7 3 66 99 75 85 68 83 79 67 80 55
20
100 2 23 48 45 39 1 92 29 73 30 66 24 76 77 12 82 32 91 70
20
100 67 47 90 17 36 33 88 4 51 23 65 3 9 6 32 21 60 15 61
20
76 92 100 44 45 96 20 36 54 46 51 29 65 23 18 61 48 32 69 81
20
11 20 66 56 28 87 7 32 34 67 62 54 95 44 97 98 64 55 79 42
20
88 11 58 71 68 30 84 9 96 44 64 5 60 14 8 46 20 34 91 80
20
13 82 30 92 65 62 96 28 89 66 21 8 11 72 81 93 23 84 63 67
20
34 87 96 58 70 91 92 56 6 50 2 79 26 66 98 39 94 27 77 48
20
28 97 21 67 14 33 73 90 53 81 65 78 52 87 94 42 91 84 22 56
20
14 8 0 59 92 39 37 60 12 96 45 74 89 83 47 84 7 91 57 11
20
77 47 50 4 86 94 89 7 95 68 3 62 66 55 81 38 56 93 98 23
20
98 52 59 55 6 57 15 85 29 24 76 46 81 100 7 88 47 26 79 9
20
52 8 16 49 12 24 35 97 59 66 44 47 80 38 0 40 15 6 83 82
20
81 26 69 25 6 21 23 27 97 49 0 63 94 20 100 30 44 1 3 22
20
28 83 96 57 37 85 8 75 53 74 42 33 40 20 68 22 35 98 12 55
20
20 47 19 68 38 27 66 39 8 32 90 23 83 56 94 71 31 80 81 75
20
92 70 96 8 18 77 23 10 22 4 57 35 53 46 28 55 30 91 45 97
20
51 68 81 5 28 1 47 37 55 41 31 92 79 74 0 42 97 24 82 84
20
41 69 68 50 21 49 59 31 89 79 82 51 75 42 81 0 12 92 43 1
20
43 54 51 40 76 55 8 84 89 14 0 34 49 58 60 29 88 47 11 91
20
96 100 24 95 64 84 81 34 27 2 48 15 74 69 21 87 90 18 70 37
20
36 55 41 53 1 4 93 78 27 70 12 95 80 91 35 44 54 5 100 33
20
89 3 23 95 55 54 97 66 91 27 68 30 17 75 36 15 33 85 56 31
20
59 7 77 74 9 94 38 76 58 88 72 41 25 31 23 30 2 92 21 10
20
96 40 60 82 42 71 87 14 48 7 20 9 70 5 18 19 58 55 94 27
20
21 84 57 41 88 91 76 67 54 94 52 6 97 66 40 50 35 29 10 14
20
79 57 55 53 43 84 86 23 38 5 4 46 20 16 81 66 91 54 39 99
20
2 26 22 47 69 66 6 88 64 29 98 65 56 95 51 97 42 55 54 41
20
54 5 15 46 36 3 56 17 16 26 89 80 43 79 78 51 59 73 42 94
20
73 94 87 37 44 52 78 9 49 63 86 3 90 61 32 21 66 14 39 38
20
23 84 66 67 0 91 100 14 55 12 74 88 71 36 45 61 77 86 26 42
20
93 35 23 22 6 68 36 80 43 5 27 1 78 9 25 20 72 47 65 37
20
16 55 84 44 66 18 69 65 3 88 28 13 15 5 89 63 97 91 95 94
20
89 22 41 35 39 94 82 3 21 100 10 87 50 58 73 5 96 1 59 97
20
32 34 50 80 59 33 78 51 77 100 86 71 29 28 72 94 96 6 55 85
20
98 97 18 81 62 95 42 48 35 83 72 1 77 7 85 67 39 14 17 32
20
6 84 41 64 19 25 11 18 89 75 13 85 29 4 24 40 21 99 93 32
20
51 94 77 4 73 9 3 93 29 69 28 26 48 30 40 90 7 68 75 21
20
6 61 65 74 41 92 13 24 21 49 3 27 46 37 44 40 76 35 82 57
20
56 59 4 48 35 20 54 79 66 18 2 58 52 8 29 5 96 41 1 37
20
27 52 38 83 57 33 90 5 39 34 92 20 99 66 71 50 98 9 82 4
20
92 68 71 41 84 33 46 50 88 29 34 64 66 61 20 14 7 24 65 35
20
28 82 96 16 90 58 73 15 22 41 91 94 2 65 27 79 30 55 56 12
20
51 90 77 41 63 14 35 81 7 36 45 21 0 89 55 49 68 83 56 82
20
35 13 17 71 91 69 47 61 28 93 98 9 0 53 37 62 25 67 81 1
20
85 44 62 82 75 79 48 2 64 37 73 88 27 55 56 36 29 30 11 24
20
84 32 12 17 98 53 29 36 39 7 51 100 65 76 37 54 21 13 3 95
20
89 88 61 33 67 16 51 93 0 28 86 35 70 37 10 96 39 57 19 68
20
8 2 74 17 13 26 27 99 75 23 45 81 36 18 33 79 3 31 47 1
20
71 0 75 60 42 82 28 1 50 69 3 74 31 85 96 40 20 47 95 91
20
93 34 8 51 94 97 4 82 98 29 21 0 27 89 18 84 36 25 5 91
20
7 10 8 94 71 87 37 33 80 36 70 67 39 9 90 32 3 83 95 59
20
84 56 37 90 41 70 75 96 24 53 34 92 18 23 58 36 86 31 2 7
20
100 50 61 6 53 66 80 84 90 35 42 13 57 54 16 18 32 33 17 51
20
52 56 89 57 67 10 66 53 74 88 6 61 100 29 79 47 51 14 45 4
20
78 5 41 37 38 90 25 3 2 52 82 81 69 94 6 50 13 31 24 95
20
31 88 2 25 44 64 85 87 34 38 98 54 17 72 4 74 37 68 33 93
20
86 77 83 85 37 7 67 21 8 81 5 2 41 35 73 46 32 45 50 49
20
9 53 14 91 38 6 2 49 17 24 28 83 16 99 79 100 37 97 32 66
20
69 89 92 72 30 87 100 78 82 84 49 77 88 48 47 15 26 91 94 73
20
100 35 89 58 65 12 30 77 31 75 32 92 26 2 43 1 45 96 17 15
20
39 22 54 63 28 40 34 57 74 97 37 83 49 29 93 58 68 31 94 6
20
27 25 14 23 1 73 9 78 56 62 41 67 49 60 55 77 42 19 34 80
20
41 98 9 31 80 22 99 75 23 5 38 71 34 52 87 73 85 1 29 69
20
84 7 99 69 45 52 86 51 35 98 39 27 49 70 44 93 29 90 13 11
20
44 54 22 65 16 77 82 6 51 89 70 20 72 53 24 14 74 75 27 55
20
17 23 67 1 74 9 56 94 3 31 71 98 86 39 78 85 40 49 95 77
20
39 15 22 63 98 69 37 36 79 23 14 3 21 17 56 48 82 30 6 27
20
90 78 1 98 91 84 95 19 69 46 77 50 70 12 94 81 97 55 76 45
20
21 86 4 56 17 18 90 29 50 63 25 84 67 3 54 1 31 6 76 13
20
24 17 70 90 34 31 39 83 50 28 78 40 72 48 57 82 23 10 3 73
20
42 80 68 6 78 96 69 86 28 34 2 75 10 87 61 1 76 41 93 88
20
31 0 48 89 18 23 68 7 91 9 21 94 38 27 69 64 52 57 14 84
20
15 17 36 72 96 75 79 70 42 33 56 61 0 19 47 35 64 78 77 53
20
3 21 46 48 100 60 27 75 85 9 92 7 8 80 98 12 5 40 69 88
20
33 94 22 68 25 84 18 71 95 43 80 38 74 28 26 6 4 56 60 29
20
63 53 80 75 39 13 91 19 86 24 89 90 7 37 17 92 40 97 93 57
20
84 70 48 68 8 49 71 69 9 25 15 19 58 77 57 99 72 89 34 81
20
3 98 19 94 58 20 79 6 9 83 86 48 14 92 31 0 41 5 96 8
20
2 49 51 35 84 98 48 47 75 87 78 30 61 6 5 46 8 12 25 36
20
7 92 50 66 41 22 78 43 99 54 9 20 81 88 56 25 38 18 23 33
20
93 78 24 58 72 1 13 89 31 41 50 83 63 99 73 17 7 12 29 0
20
49 97 0 39 41 69 20 12 79 26 48 16 37 6 24 28 5 47 40 43
20
50 47 16 25 89 98 10 66 96 41 54 35 72 27 40 63 36 7 65 99
20
17 76 12 87 92 58 25 34 21 35 44 81 3 78 99 49 64 28 38 20
20
1 51 53 100 84 67 2 28 94 59 88 95 50 70 38 60 81 16 97 8
20
80 93 17 92 20 4 3 71 27 86 46 12 32 26 49 64 10 11 100 13
20
99 35 5 4 81 42 79 88 61 16 53 51 20 67 62 19 82 36 57 78
20
29 87 32 34 38 79 99 93 76 12 9 18 31 15 14 94 27 62 0 52
20
0 81 27 60 1 49 59 96 62 54 75 44 21 33 88 48 6 4 32 36
20
49 31 98 0 38 32 95 51 43 79 63 35 9 44 92 17 88 52 13 20
20
53 57 58 42 7 32 45 11 0 77 23 31 44 61 85 13 22 75 81 43
20
78 27 20 5 64 33 41 100 36 32 82 25 60 45 26 16 50 11 67 44
20
56 42 43 52 82 32 26 67 36 21 30 39 12 57 10 37 100 29 97 38
20
97 3 94 88 2 46 55 36 49 73 12 37 65 90 23 60 20 67 19 26
20
23 93 1 34 11 79 54 9 88 44 17 97 70 41 49 87 86 30 51 0
20
60 70 55 74 29 15 12 24 2 78 94 33 52 58 49 66 46 34 91 42
20
36 93 44 27 74 0 89 91 5 43 9 90 78 95 3 54 28 68 12 21
20
89 15 30 62 0 10 54 4 73 39 44 18 3 81 97 95 57 22 93 96
20
44 99 55 26 45 9 43 66 22 18 64 48 92 86 21 78 20 38 93 5
20
83 25 90 51 71 88 30 62 45 16 32 74 54 59 58 67 97 81 12 86
20
70 34 81 28 67 88 82 46 12 4 52 22 9 5 32 13 66 60 56 39
20
44 58 38 91 0 83 95 7 30 99 80 41 22 74 49 94 97 56 78 68
20
65 97 34 82 30 100 22 90 78 88 21 6 9 83 8 49 4 25 58 7
20
8 64 63 16 57 32 36 76 93 12 77 38 88 48 71 14 56 94 66 28
20
9 90 98 47 52 11 34 4 61 7 1 57 2 70 94 69 30 86 33 73
20
99 71 30 10 35 32 98 52 5 31 17 6 3 86 70 36 53 72 94 87
20
78 69 1 6 95 9 79 90 13 33 39 4 2 88 52 48 94 27 89 25
20
84 81 3 31 51 20 76 53 5 100 47 90 97 92 63 37 0 88 71 30
20
91 61 21 30 26 89 27 78 95 69 11 66 34 56 50 90 24 96 1 81
20
47 80 98 9 37 33 99 44 71 3 45 56 7 66 89 6 12 60 48 78
20
95 79 31 68 27 33 39 80 72 66 65 87 45 14 46 18 41 53 75 13
20
30 32 8 87 23 33 67 61 95 96 55 89 6 68 100 72 97 46 1 27
20
59 40 34 9 98 29 33 91 47 64 92 1 43 60 13 7 50 67 35 20
20
16 46 89 69 11 72 12 52 49 68 35 55 28 91 43 4 22 39 93 70
20
82 22 53 100 15 65 30 3 36 27 37 79 94 44 75 21 42 12 28 72
20
42 26 56 23 31 88 38 46 24 71 93 35 57 63 85 87 86 6 97 68
20
15 69 20 98 5 16 92 32 72 34 78 99 22 68 63 54 9 53 37 58
20
73 72 87 82 83 91 33 84 29 43 17 96 63 20 80 2 12 10 36 0
20
59 47 39 44 11 54 1 35 81 30 84 7 78 34 82 42 33 75 50 58
20
50 67 3 92 71 100 27 37 22 75 41 68 33 48 66 12 26 91 36 79
20
59 86 34 77 43 22 75 90 68 9 1 3 35 39 16 2 53 80 36 31
20
35 70 98 48 78 94 19 24 77 57 3 23 40 45 21 91 67 50 34 0
20
22 55 14 18 56 88 100 28 21 40 34 31 92 39 37 70 36 19 81 3
20
73 30 25 50 13 19 84 98 15 8 80 70 42 37 56 96 12 69 86 5
20
14 27 7 23 60 21 81 47 56 22 3 92 10 8 46 94 74 61 96 76
20
26 44 54 15 28 95 9 39 27 47 20 10 96 43 84 74 7 86 2 92
20
88 46 62 75 40 77 1 20 66 98 14 10 65 44 9 43 53 25 36 84
20
71 91 54 20 90 11 81 33 78 55 5 29 13 72 27 68 58 60 63 15
20
17 45 42 73 95 26 5 56 43 83 48 35 99 46 68 21 3 98 8 34
20
40 73 6 72 29 17 26 65 19 61 25 84 93 4 94 51 23 98 39 58
20
59 11 97 23 3 48 18 85 98 20 55 52 13 92 21 72 28 96 53 30
20
11 25 90 65 92 26 75 32 74 73 0 80 87 96 39 70 40 64 17 53
20
55 49 2 50 4 51 70 95 87 25 68 14 20 12 44 6 79 74 66 83
20
85 27 50 37 51 29 84 94 15 57 13 100 9 47 90 39 66 56 61 44
20
63 96 75 93 12 16 66 26 33 2 41 32 83 70 95 14 65 53 47 11
20
78 54 85 48 5 64 93 24 50 72 46 11 88 60 37 39 28 29 44 52
20
96 19 77 56 71 17 54 76 43 89 61 46 3 65 94 18 85 6 21 7
20
31 71 91 46 64 23 3 66 40 63 83 19 29 43 75 59 80 4 78 58
20
92 16 63 1 87 50 83 14 81 42 4 69 66 38 67 27 56 88 61 5
20
78 0 2 50 32 49 40 67 58 28 46 7 66 97 3 44 41 36 69 13
20
12 9 86 76 74 13 75 37 47 30 8 18 58 28 51 29 98 4 52 60
20
93 21 8 75 51 63 81 11 15 71 37 87 0 45 23 54 91 35 94 59
20
31 26 94 66 29 20 72 3 21 49 8 28 41 64 83 17 4 76 80 77
20
36 10 42 99 73 21 87 49 100 26 44 74 88 62 9 22 59 15 16 93
20
37 67 57 16 81 35 86 62 33 63 59 100 69 5 0 41 95 49 22 71
20
90 21 73 50 2 85 49 13 18 14 29 1 48 23 35 68 66 93 91 62
20
65 88 83 10 43 91 92 14 73 48 47 31 72 38 35 82 50 7 19 70
20
70 44 35 31 91 90 98 34 86 80 93 97 43 94 20 24 30 85 45 25
20
9 36 34 77 56 95 16 90 33 15 55 81 62 92 93 82 20 14 3 17
20
92 71 81 53 13 45 51 57 41 12 64 90 54 86 59 91 78 35 98 68
20
27 29 53 90 31 38 24 77 70 14 50 85 32 45 37 33 89 81 42 63
20
69 7 83 43 50 8 14 56 77 47 36 86 45 20 22 39 21 60 48 98
20
98 56 35 38 36 13 50 10 39 18 86 87 97 0 68 51 63 14 64 34
20
27 74 31 25 26 22 43 32 58 71 96 47 100 63 17 59 46 37 92 57
20
72 48 65 85 13 57 53 81 43 95 47 75 18 11 98 89 68 37 86 17
20
6 64 47 52 99 77 2 21 81 97 65 8 70 36 20 45 63 98 76 1
20
49 17 87 16 6 3 13 64 88 25 7 5 37 96 14 36 60 55 21 22
20
97 65 23 35 6 59 17 60 99 24 33 27 32 87 90 8 4 91 31 12
20
22 39 29 63 95 15 54 86 84 41 52 68 92 51 79 81 97 83 31 55
20
32 90 77 44 83 99 80 50 78 76 47 4 13 89 34 1 84 26 73 82
20
39 57 55 59 26 67 92 68 21 53 9 49 22 3 80 32 95 54 23 17
20
21 68 35 5 100 47 22 49 62 73 36 8 85 17 53 90 99 78 95 23
20
16 39 100 17 61 87 85 64 82 50 34 76 68 0 14 71 90 33 46 88
20
39 50 8 32 93 69 73 86 54 38 96 52 25 16 68 51 28 59 94 10
20
79 2 26 58 47 74 1 42 24 73 14 44 46 64 90 41 23 68 0 66
20
98 81 6 47 57 70 95 64 51 49 31 62 82 75 23 43 79 73 90 34
20
44 11 21 34 93 20 8 10 88 96 19 73 24 47 92 51 2 57 100 89
20
33 15 55 64 58 94 32 18 40 83 48 43 97 74 90 42 56 68 60 52
20
60 97 6 74 1 5 53 75 20 81 57 47 87 28 50 92 15 23 96 77
20
27 41 34 0 47 36 94 2 37 19 59 85 87 6 58 64 1 44 30 38
20
38 17 35 86 26 11 14 18 56 62 15 91 6 43 41 75 97 81 39 40
20
62 79 8 91 48 71 54 59 57 56 18 90 76 83 38 9 58 23 10 89
20
12 2 6 90 81 79 22 64 77 25 0 50 14 100 41 21 52 32 29 86
20
39 92 50 9 22 65 62 5 78 91 2 76 24 41 57 17 49 36 7 79
20
19 30 97 55 74 61 25 24 75 71 39 84 4 95 51 43 56 78 80 52
20
46 30 73 93 43 62 98 63 26 29 89 61 41 70 58 13 17 42 78 12
20
33 11 96 95 4 30 29 83 38 5 6 45 69 79 14 54 78 24 22 55
20
0 66 59 56 84 85 98 17 71 40 41 58 69 5 64 57 44 72 92 22
20
80 79 61 69 59 82 51 18 41 53 13 39 89 34 20 1 29 38 31 100
20
44 80 51 42 45 22 69 79 98 90 64 92 38 85 15 67 47 13 95 7
20
49 65 8 78 67 0 57 53 62 36 63 23 74 61 77 69 11 25 22 18
20
28 56 84 9 14 37 99 24 47 13 57 49 69 48 41 51 25 55 92 90
20
14 64 41 43 5 50 23 81 56 93 29 17 57 32 7 72 61 3 97 1
20
81 90 75 15 51 18 38 48 39 44 72 55 19 7 17 27 32 96 78 66
20
9 79 28 97 65 77 80 24 85 12 72 83 40 5 29 62 56 1 19 61
20
18 58 97 20 7 70 100 82 52 29 39 36 21 75 41 46 98 44 77 25
20
64 58 97 25 47 54 92 80 98 16 21 37 65 51 95 84 9 35 70 30
20
62 92 27 16 71 90 58 0 8 3 72 74 52 7 53 41 82 75 64 83
20
36 51 91 49 20 77 59 39 3 35 58 0 47 64 37 1 50 93 23 33
20
55 100 0 31 10 2 12 44 99 22 41 14 81 15 89 54 60 42 71 53
20
23 54 58 44 63 30 89 64 0 66 29 72 39 100 93 19 53 69 34 7
20
38 56 50 42 2 78 63 35 36 94 17 27 87 61 21 65 73 10 48 95
20
25 64 11 21 90 6 38 50 33 99 63 43 7 8 56 3 46 44 71 55
20
95 67 98 19 23 73 28 39 3 12 4 21 20 34 25 81 27 80 32 57
20
15 95 26 53 90 67 43 28 71 4 27 8 93 33 25 41 19 38 75 34
20
57 20 68 58 22 12 66 28 67 50 36 71 95 31 79 93 99 33 56 21
20
53 27 30 74 71 98 56 4 63 50 18 77 70 57 47 45 84 14 80 99
20
47 18 65 43 86 100 13 14 4 19 9 51 66 54 89 63 34 58 64 75
20
18 59 96 61 48 87 5 64 21 17 54 94 93 10 34 81 50 12 1 70
20
99 49 37 12 100 41 67 71 85 88 19 3 91 56 0 46 17 5 74 40
20
44 36 28 77 38 47 19 30 67 76 97 1 100 41 23 9 94 75 2 17
20
88 41 26 37 13 1 18 14 67 17 98 94 75 16 79 57 0 96 36 30
20
1 66 87 57 44 63 20 71 80 74 98 9 67 97 42 94 52 4 36 65
20
65 81 52 24 42 79 30 84 25 83 99 2 47 72 64 35 100 59 54 58
20
2 37 41 22 9 14 50 65 93 51 63 53 49 47 74 58 23 25 44 42
20
54 97 2 81 44 13 61 39 72 77 63 14 36 95 51 21 5 28 82 0
20
79 93 96 69 68 15 1 88 83 89 74 2 56 31 36 20 52 13 85 23
20
17 86 80 37 5 11 29 91 99 59 63 6 52 55 81 34 13 82 84 47
20
90 43 55 87 60 45 64 17 13 66 53 63 2 21 10 24 5 56 9 77
20
11 16 47 28 42 9 14 87 2 74 12 97 52 20 7 10 89 25 63 22
20
61 9 49 86 11 41 12 98 80 1 59 57 55 43 92 22 35 16 48 94
20
10 100 92 48 45 8 66 3 53 93 96 47 41 80 26 67 35 98 11 52
20
42 7 87 61 1 20 57 46 63 13 72 48 80 78 19 41 52 89 36 81
20
74 38 36 2 11 25 12 33 62 89 52 95 71 92 6 58 29 98 59 21
20
54 34 21 0 7 23 31 10 52 14 99 46 50 95 41 22 94 81 8 64
20
66 36 22 79 69 68 34 85 86 57 47 70 94 32 78 8 98 43 13 55
20
69 42 76 20 34 52 98 47 13 67 88 91 66 71 86 44 75 28 18 9
20
68 81 11 39 43 18 70 55 22 19 63 47 20 14 60 89 99 9 56 71
20
94 59 34 27 70 45 68 14 88 38 61 13 1 49 66 0 26 67 92 100
20
65 76 7 64 72 22 84 79 13 42 58 75 11 63 19 29 12 59 60 95
20
33 93 0 19 18 51 88 97 81 17 2 22 91 96 76 64 75 35 99 4
20
66 28 90 91 94 41 30 75 31 35 15 48 22 7 69 24 25 49 57 58
20
53 58 30 42 75 44 45 37 100 57 74 5 24 86 39 41 67 29 82 81
20
82 89 21 17 53 45 11 6 47 22 27 56 3 37 34 0 35 66 87 61
20
34 96 70 98 41 32 26 99 51 43 6 91 71 94 39 62 100 38 72 40
20
95 38 76 22 54 18 36 68 13 52 25 96 40 6 71 84 80 19 70 31
20
19 59 6 93 71 60 90 20 11 48 62 87 81 49 21 75 65 47 55 10
20
36 28 26 43 8 7 14 96 55 24 1 30 78 65 9 10 99 88 93 40
20
86 41 29 78 69 16 53 11 67 48 47 90 19 88 42 57 3 96 5 10
20
15 2 36 68 78 23 26 44 54 29 24 42 13 63 14 58 57 69 84 95
20
90 1 42 4 5 94 83 19 8 9 53 17 46 73 80 34 36 22 16 37
20
83 32 46 69 80 4 72 34 58 3 1 78 88 35 53 96 64 48 9 7
20
26 63 93 48 5 21 53 31 73 75 54 72 45 60 59 42 80 67 30 43
20
82 41 64 4 79 83 8 28 67 32 60 99 76 6 35 80 66 23 52 29
20
36 92 93 37 40 9 55 78 25 71 42 64 1 32 100 7 23 10 65 4
20
86 55 83 85 5 69 95 37 10 11 63 77 78 24 52 12 45 27 56 57
20
8 36 53 25 14 74 50 78 76 43 19 9 48 54 91 93 18 100 6 44
20
27 72 48 85 38 24 11 17 23 54 7 51 18 96 34 2 57 31 19 58
20
67 83 74 54 35 57 65 47 32 97 88 36 34 16 40 31 76 27 3 100
20
67 61 43 47 53 27 16 2 98 25 13 71 11 91 68 96 24 46 6 88
20
16 6 42 48 77 59 66 29 62 2 65 76 60 27 43 73 18 72 31 13
20
88 18 59 27 74 94 52 36 28 64 34 33 32 66 65 7 47 98 53 37
20
17 0 48 41 18 61 35 67 79 13 28 88 91 69 42 62 44 47 78 70
20
30 28 33 1 89 67 80 6 8 63 52 95 91 2 31 18 27 87 53 29
20
41 3 66 55 93 67 92 43 72 5 34 7 32 75 16 63 35 23 12 28
20
59 91 89 50 76 77 16 61 70 23 14 15 93 73 19 10 82 0 68 34
20
19 68 46 86 21 61 81 2 58 48 10 40 8 50 93 72 24 0 82 52
20
99 46 43 5 63 59 15 19 66 75 95 33 90 80 39 11 25 31 92 41
20
28 67 61 7 39 86 73 0 96 48 94 58 1 19 41 13 47 89 83 77
20
18 52 45 17 35 93 87 13 86 99 55 1 49 48 26 11 68 33 28 10
20
87 11 68 82 26 96 67 63 66 90 6 29 16 21 81 73 78 5 98 14
20
76 70 56 84 10 16 89 50 53 32 85 92 63 69 21 8 30 65 64 58
20
59 32 41 84 23 85 5 97 76 34 50 73 68 17 82 9 8 49 81 55
20
21 46 16 25 9 83 97 0 7 66 78 100 89 85 84 72 80 20 22 26
20
17 90 49 78 1 77 74 14 46 58 73 50 88 26 22 35 96 91 55 36
20
86 28 51 23 99 40 53 3 70 22 25 27 55 84 89 87 48 77 21 62
20
99 4 85 21 82 95 78 47 27 83 93 17 91 7 57 62 84 8 77 69
20
66 93 52 7 1 26 71 92 88 28 11 67 99 91 51 84 17 20 50 14
20
60 57 66 33 71 16 53 43 78 68 23 25 73 12 8 74 4 38 50 36
20
27 55 99 29 72 57 25 46 56 84 95 85 0 12 13 6 97 60 48 96
20
44 89 46 91 76 22 77 98 21 97 27 43 45 18 40 67 62 90 87 33
20
72 24 89 33 79 55 32 37 36 29 4 91 23 26 66 46 82 43 88 71
20
64 0 100 6 32 24 82 88 8 71 38 27 12 29 17 1 74 26 49 39
20
45 58 88 46 75 94 28 3 95 80 33 23 1 66 62 9 56 10 25 51
20
58 64 92 35 53 12 50 65 71 51 90 0 9 45 15 10 99 80 70 75
20
48 17 46 76 25 89 6 66 73 80 72 55 100 21 52 93 56 34 88 9
20
48 88 31 62 81 96 32 41 84 100 15 11 66 10 89 59 45 64 20 0
20
13 85 58 42 91 0 31 6 28 21 99 79 54 49 8 17 97 87 19 78
20
11 37 25 54 20 33 86 96 50 92 15 60 47 44 19 53 82 77 97 39
20
5 77 6 97 41 17 51 75 87 55 56 16 44 50 1 49 8 32 0 66
20
98 26 13 78 74 96 48 40 29 62 35 23 75 69 3 53 33 42 65 56
20
63 36 75 72 73 70 19 93 95 38 40 87 33 80 23 59 15 28 4 91
20
86 43 44 16 80 39 59 57 32 26 18 5 83 50 92 4 35 9 1 30
20
6 95 43 40 86 97 50 73 55 54 82 14 29 27 92 69 38 31 21 10
20
61 30 82 72 81 98 85 16 73 17 67 75 20 79 92 6 19 91 100 58
20
88 70 97 5 82 54 24 66 51 30 61 46 7 20 53 47 15 10 87 19
20
89 64 75 77 11 71 8 14 9 74 46 45 4 40 62 90 98 78 32 16
20
76 57 96 71 16 10 93 1 83 11 3 56 97 65 70 89 42 86 19 95
20
2 12 9 22 28 85 98 91 59 66 64 0 1 54 11 94 31 96 56 78
20
82 11 37 96 23 83 93 77 3 61 38 6 87 92 76 17 60 79 52 28
20
58 39 81 38 54 60 50 97 13 33 41 56 7 31 16 80 20 12 85 0
20
12 48 25 76 70 57 95 34 86 40 61 60 24 30 74 72 31 85 42 81
20
65 38 56 78 55 24 4 40 95 73 83 42 93 94 49 98 13 25 63 62
20
78 68 8 58 49 22 15 10 61 32 59 99 92 36 14 87 31 44 35 84
20
9 61 16 14 45 97 75 72 62 17 15 35 19 86 33 83 82 66 12 28
20
100 65 77 83 32 6 72 91 29 93 51 89 24 50 97 82 60 68 71 26
20
43 27 73 51 82 10 6 53 55 7 92 70 79 71 68 20 32 39 69 19
20
100 45 2 81 96 67 46 17 94 14 44 19 12 56 18 10 55 16 72 53
20
9 15 25 84 11 63 46 73 65 29 0 28 82 89 4 72 61 76 36 16
20
48 84 50 33 46 9 69 26 5 17 93 80 92 39 64 37 23 89 88 54
20
59 31 47 48 25 72 77 82 30 13 73 22 0 45 76 61 83 79 44 50
20
10 5 72 23 45 49 86 21 58 64 90 22 92 20 31 32 11 94 6 60
20
43 64 37 83 65 72 47 67 74 14 54 24 56 52 3 15 87 25 16 5
20
72 35 40 100 74 51 31 24 20 6 26 36 70 69 57 43 77 84 55 28
20
18 13 9 57 82 90 25 87 86 36 11 3 51 96 1 64 30 0 80 94
20
62 84 20 1 15 60 65 54 56 83 35 16 86 55 4 71 22 38 76 11
20
42 90 56 27 86 53 65 4 49 44 39 76 21 74 88 59 33 67 1 2
20
74 58 98 15 48 10 8 88 19 31 65 7 50 33 45 95 77 40 5 1
20
74 52 20 25 37 96 43 44 77 82 23 55 91 81 83 4 50 22 1 98
20
79 95 49 81 99 17 86 91 65 48 37 45 5 54 57 82 29 34 77 4
20
0 96 60 59 13 81 90 92 50 25 27 23 39 15 48 49 80 54 79 87
20
11 63 14 79 73 88 18 16 84 1 83 37 4 81 21 54 58 51 32 71
20
14 75 91 32 86 48 39 26 96 6 13 43 3 49 16 2 55 15 50 0
20
80 93 8 16 85 56 43 53 52 41 59 45 58 35 60 2 29 10 97 14
20
81 32 2 4 64 49 50 47 70 74 61 92 59 34 12 63 27 99 23 66
20
75 16 77 9 82 95 33 99 22 59 96 30 38 89 61 44 63 97 12 90
20
77 83 6 75 30 95 57 61 42 14 36 90 21 5 48 52 79 43 78 8
20
44 23 37 66 97 17 84 29 35 57 83 96 91 10 0 59 70 32 90 98
20
84 39 77 97 23 11 100 28 68 26 24 90 59 16 63 50 37 75 65 44
20
20 44 72 92 83 98 3 31 63 12 46 11 53 76 77 2 73 95 70 59
20
78 21 98 0 4 52 6 94 97 99 82 60 50 59 40 63 23 67 79 10
20
2 8 16 96 87 98 99 88 33 82 100 61 26 55 44 4 50 6 23 19
20
68 89 100 45 81 7 42 85 5 83 17 52 71 12 99 20 35 62 13 66
20
7 10 75 98 1 9 34 72 12 53 44 5 85 94 61 66 35 46 93 70
20
50 23 75 99 54 98 53 91 92 77 12 51 40 45 13 61 8 15 19 69
20
11 70 20 44 12 90 54 63 45 55 47 58 59 73 13 19 41 87 8 100
20
80 37 30 50 22 56 20 44 75 38 89 36 70 32 47 10 53 0 51 1
20
76 48 97 10 34 13 99 35 21 5 56 33 95 28 23 26 81 83 78 61
20
75 90 38 96 54 37 86 8 3 45 41 78 60 87 56 25 53 89 76 20
20
2 4 66 53 27 60 71 23 64 1 65 6 99 24 22 14 26 76 98 48
20
73 11 7 26 16 28 39 27 66 91 43 97 54 3 22 20 84 87 8 41
20
37 8 72 51 15 83 29 48 54 81 97 24 7 26 73 82 75 10 11 23
20
100 41 35 98 15 3 57 7 49 21 0 19 88 33 38 16 32 6 11 83
20
77 48 47 93 53 10 55 43 5 21 42 23 31 67 96 28 36 33 25 75
20
71 52 12 67 79 28 10 49 36 6 70 43 22 76 40 1 60 82 63 56
20
25 35 33 31 32 95 89 68 91 21 64 47 23 10 77 53 27 92 46 82
20
84 51 57 100 94 62 77 89 91 26 81 76 82 92 23 40 67 60 80 66
20
38 79 15 29 87 59 78 88 22 33 11 26 77 83 99 67 3 41 57 45
20
85 34 53 21 44 17 62 6 70 16 7 54 18 5 9 64 15 73 75 8
20
92 61 93 33 73 69 21 55 47 40 80 10 18 48 54 29 49 42 25 56
20
49 78 69 61 80 98 7 91 100 95 28 29 66 92 32 54 94 70 2 11
20
66 100 31 20 48 1 29 90 81 27 19 2 0 5 88 59 26 63 58 84
20
48 50 22 32 40 55 85 98 73 61 49 78 57 82 91 59 8 58 9 92
20
51 45 84 95 60 74 9 2 29 44 70 6 71 92 75 89 40 69 48 24
20
80 23 62 1 22 83 4 20 26 32 78 87 44 97 48 28 70 73 65 81
20
22 16 30 36 76 41 80 46 27 17 52 42 28 25 89 35 71 68 81 92
20
99 7 90 84 45 22 26 73 94 16 77 0 57 30 64 98 100 61 21 83
20
84 8 57 55 19 45 67 61 11 65 72 56 60 4 80 38 74 98 79 53
20
0 25 53 43 78 70 82 90 83 42 39 38 6 86 18 84 72 77 5 13
20
2 66 35 37 83 11 45 84 30 48 23 73 44 34 17 58 96 7 8 71
20
39 61 87 8 44 35 49 94 30 13 74 62 53 70 66 31 21 52 10 24
20
27 17 94 60 83 56 82 87 99 52 77 59 7 18 3 36 69 20 49 97
20
41 26 8 57 65 31 48 34 76 20 92 63 81 85 74 23 30 37 69 2
20
12 35 99 27 40 81 46 68 21 65 47 57 97 36 34 94 89 90 76 22
20
50 82 12 32 90 25 67 71 30 60 29 100 69 46 91 52 58 65 45 51
20
79 59 48 7 27 58 47 49 14 65 13 40 75 37 36 2 6 9 62 57
20
2 45 78 27 4 68 44 31 6 51 97 84 76 19 3 88 61 5 99 9
20
46 67 30 17 60 49 0 55 34 96 18 1 37 69 51 75 16 50 32 11
20
42 86 52 35 59 96 51 27 21 5 73 65 7 83 67 94 82 18 99 44
20
78 22 35 52 97 93 27 44 100 90 5 48 31 80 81 42 0 56 89 11
20
49 75 17 74 21 27 42 4 48 29 96 12 64 1 37 3 79 30 71 50
20
58 53 98 12 92 99 66 71 15 0 44 52 27 42 29 32 50 16 35 79
20
12 36 1 10 93 33 53 85 97 98 14 13 17 78 87 70 28 63 61 15
20
5 95 42 45 74 67 57 82 85 87 47 58 51 39 10 8 92 23 31 78
20
54 70 84 69 64 43 82 4 14 97 18 59 38 60 24 34 7 88 51 45
20
18 48 77 72 65 60 31 21 88 94 83 99 78 68 23 84 64 69 70 79
20
77 91 37 38 3 48 41 100 56 67 55 13 73 93 86 74 28 63 78 43
20
7 76 98 2 51 87 16 52 97 38 89 48 74 20 83 100 56 3 18 32
20
39 8 70 94 27 65 97 7 30 58 45 62 12 48 81 71 95 31 28 5
20
51 69 93 37 72 2 45 52 83 80 92 29 48 96 65 68 66 28 88 32
20
3 18 63 46 12 4 58 98 31 40 24 83 92 62 96 84 68 59 29 2
20
50 79 51 96 8 9 54 52 45 38 89 93 31 37 47 88 26 5 7 17
20
71 76 58 42 30 22 35 21 57 37 45 94 17 20 15 16 61 29 65 32
20
83 63 40 87 35 66 76 11 43 84 89 26 54 55 30 97 1 20 93 51
20
21 23 83 20 15 69 91 11 24 6 92 90 55 37 36 39 3 16 9 76
20
57 71 1 30 23 83 54 12 47 28 9 73 32 35 27 36 44 24 37 14
20
80 65 51 99 97 17 81 91 22 83 3 42 11 21 26 15 67 85 36 64
20
21 56 100 76 13 22 32 35 52 1 60 77 48 9 86 71 26 82 99 53
20
5 31 55 28 97 7 74 43 73 86 68 35 21 96 69 78 95 47 65 61
20
48 35 60 51 58 95 44 82 97 39 8 98 64 91 15 87 42 52 81 27
20
66 89 24 48 79 45 27 37 8 10 38 69 5 19 91 22 17 70 87 83
20
40 3 41 31 18 57 53 48 15 54 58 75 47 50 32 4 39 72 74 71
20
32 81 37 14 51 47 31 50 100 35 71 49 66 1 74 24 92 84 27 30
20
14 35 89 85 47 58 25 55 82 31 75 10 92 29 32 18 59 1 100 8
20
67 33 53 18 100 16 0 75 72 4 76 34 63 93 70 47 50 3 25 60
20
18 42 81 99 95 46 19 36 86 56 14 64 100 97 45 13 15 55 73 70
20
94 48 65 100 61 51 59 76 52 19 0 6 74 63 72 67 81 29 56 11
20
32 75 99 2 35 34 36 50 39 31 15 51 14 85 23 29 22 88 87 18
20
75 97 39 68 71 8 22 28 23 13 67 90 32 93 18 56 10 80 3 94
20
94 70 74 24 1 69 52 34 35 38 48 65 9 89 76 46 42 6 41 28
20
57 94 12 89 20 41 14 79 28 6 19 61 40 69 63 33 9 74 7 11
20
92 22 10 2 72 45 8 57 6 24 67 100 26 95 91 65 88 16 39 23
20
88 53 89 36 71 15 1 62 26 42 12 87 33 59 35 100 13 32 28 76
20
34 42 74 85 79 37 14 81 86 29 30 77 49 78 96 39 43 41 31 58
20
60 51 48 56 21 85 100 3 50 89 67 58 49 1 84 69 65 14 2 57
20
22 34 85 21 35 76 9 73 59 86 23 78 75 91 30 49 41 38 32 43
20
51 64 35 78 74 20 10 11 17 42 31 7 75 50 81 53 68 36 69 41
20
37 54 89 19 10 41 72 85 25 2 66 12 13 50 83 40 76 65 53 78
20
95 18 33 52 76 66 23 12 38 9 94 88 14 28 97 5 34 74 68 73
20
37 9 41 98 28 53 11 17 34 74 51 81 85 26 91 18 31 49 8 99
20
6 26 34 100 17 65 19 10 11 23 36 69 87 94 78 7 3 40 61 57
20
73 85 97 60 93 90 78 46 83 16 86 88 35 71 28 66 67 33 87 5
20
80 49 92 28 99 0 24 86 32 70 1 46 43 78 34 82 41 31 48 8
20
94 9 3 65 93 68 25 11 0 54 89 87 62 14 18 35 16 79 66 39
20
48 40 2 83 55 72 35 31 89 68 50 64 69 91 36 85 51 33 22 37
20
28 27 76 29 44 40 36 39 56 16 43 52 75 22 96 20 55 91 33 65
20
94 21 71 7 58 8 37 61 30 60 84 23 91 25 54 40 16 33 75 66
20
21 66 7 43 12 83 31 57 10 100 18 93 65 36 61 34 54 85 91 20
20
45 5 36 68 7 90 49 59 57 77 44 46 70 29 0 64 65 72 21 12
20
16 54 65 21 47 29 66 7 24 0 39 34 89 49 8 1 26 59 33 27
20
8 5 36 18 57 70 93 42 48 74 34 39 63 94 69 40 88 65 59 2
20
81 43 75 30 21 12 6 23 82 84 44 48 47 0 99 95 68 89 60 37
20
1 38 16 75 69 37 67 46 92 13 100 93 45 66 40 51 98 4 79 44
20
83 28 73 9 35 50 4 66 44 82 58 76 32 33 61 27 51 14 1 69
20
56 57 86 4 17 33 62 53 79 69 14 46 55 11 54 98 88 39 93 71
20
25 3 43 18 22 23 26 54 62 74 61 28 4 70 0 64 32 79 58 7
20
34 26 78 66 20 73 80 39 46 53 89 92 61 33 38 13 16 19 15 14
20
72 52 6 99 75 69 17 68 57 74 31 59 1 77 67 13 87 36 11 58
20
86 26 15 23 21 85 40 52 87 58 31 0 55 79 28 51 46 65 6 99
20
46 61 13 26 31 97 22 96 43 16 72 11 18 99 64 67 39 20 87 95
20
23 27 90 59 4 92 31 83 54 93 11 45 100 7 88 60 43 24 18 47
20
15 23 62 66 72 13 35 28 64 47 54 51 58 1 25 48 97 21 38 27
20
14 13 73 56 89 94 11 62 21 57 6 81 45 24 90 59 35 12 87 91
20
25 21 26 16 7 69 76 44 63 78 5 81 4 18 87 50 20 61 43 40
20
16 89 25 42 91 9 17 18 26 20 82 64 62 46 60 44 3 34 57 75
20
51 36 14 78 1 97 58 99 7 50 47 10 84 92 70 44 79 88 30 37
20
4 23 39 25 76 73 26 87 44 34 3 46 5 51 22 40 33 85 67 98
20
53 2 23 82 75 33 10 65 51 47 17 92 15 71 72 97 99 44 60 22
20
65 1 100 64 15 69 80 61 35 4 6 74 94 93 14 45 26 48 87 13
20
85 44 29 95 10 43 33 81 61 30 80 12 3 49 76 35 20 4 16 54
20
84 2 46 20 87 78 22 24 39 1 7 60 58 76 32 12 69 21 40 19
20
76 10 51 58 52 9 80 57 37 2 64 49 72 44 66 78 17 89 95 43
20
58 16 84 80 50 38 74 62 64 65 19 98 59 48 31 28 37 22 61 7
20
67 1 36 99 70 48 80 97 16 91 65 96 77 73 15 17 35 53 94 72
20
79 62 60 78 9 82 12 68 83 14 35 76 10 40 74 3 100 91 42 25
20
45 19 87 34 20 9 17 70 0 92 3 24 37 54 41 58 47 55 21 48
20
45 80 6 87 17 8 92 58 42 50 49 69 32 13 53 47 15 78 38 62
20
15 19 34 69 89 68 82 4 46 22 26 37 65 9 7 23 18 57 41 83
20
20 25 3 75 36 61 44 60 31 59 66 57 91 88 33 71 32 15 26 1
20
74 13 59 89 63 2 36 23 3 44 7 87 32 50 60 71 16 35 75 82
20
62 24 79 50 6 64 2 53 78 46 71 15 47 25 22 63 90 69 60 27
20
4 43 98 64 25 51 40 65 62 8 47 13 68 26 92 60 14 24 5 23
20
3 81 71 10 78 57 75 21 36 17 93 63 94 20 19 33 58 100 4 1
20
15 85 47 29 82 64 26 28 38 98 74 16 83 61 20 18 4 79 10 65
20
46 5 98 50 29 75 11 32 63 70 85 57 92 8 81 7 40 1 18 100
20
74 63 99 92 94 95 93 81 22 2 34 4 59 78 14 45 10 80 41 21
20
87 76 75 36 77 18 63 86 74 47 91 93 60 95 9 30 62 29 41 34
20
85 71 3 28 99 58 70 63 30 52 72 24 2 36 10 20 53 49 82 32
20
62 1 38 60 85 19 6 5 25 81 17 16 54 67 56 14 90 50 12 31
20
71 88 21 75 13 2 66 60 9 28 20 84 16 94 43 61 70 72 64 15
20
39 82 73 24 87 14 79 6 13 27 23 83 58 59 94 93 69 53 89 80
20
1 85 81 38 71 49 37 19 90 93 53 60 67 51 8 9 64 35 75 5
20
10 81 34 78 80 41 38 64 62 48 23 70 32 83 94 29 92 98 61 25
20
47 68 74 84 57 85 0 98 93 72 89 78 34 8 99 16 2 3 65 30
20
59 68 92 22 23 99 77 35 91 19 34 85 100 6 8 86 21 18 29 51
20
79 74 76 66 55 10 53 52 67 34 13 8 51 32 28 2 57 99 64 16
20
99 35 84 15 48 3 41 62 45 13 44 51 79 10 34 64 97 89 69 32
20
62 70 83 6 9 32 87 35 71 20 19 59 90 95 73 80 99 3 89 11
20
6 67 97 71 34 56 0 85 51 62 63 12 44 77 39 4 38 78 90 10
20
47 40 90 62 87 4 1 27 79 76 59 42 68 67 41 21 97 31 9 88
20
99 85 88 34 67 23 31 60 2 49 24 20 56 38 28 35 9 46 30 74
20
79 83 49 11 97 38 23 13 77 75 39 73 14 1 56 7 34 55 48 51
20
88 4 85 55 74 72 27 35 26 17 99 65 40 23 33 42 71 7 68 64
20
39 81 13 48 45 24 11 96 17 90 38 37 32 57 23 51 6 50 22 2
20
60 59 45 46 26 39 80 35 44 74 98 7 62 90 78 23 65 71 17 57
20
2 18 76 59 13 28 91 14 3 9 41 66 56 58 6 23 61 62 84 72
20
32 57 13 33 74 15 14 35 37 43 50 66 26 41 49 39 90 67 29 62
20
19 12 66 35 52 57 14 81 69 36 65 68 3 82 6 73 85 71 44 61
20
28 1 25 15 0 93 55 6 33 72 70 66 87 85 57 23 42 39 46 20
20
39 85 75 20 56 87 97 1 80 83 9 46 40 84 7 51 78 5 49 54
20
32 56 78 86 62 6 67 48 68 17 11 21 73 40 75 57 82 65 23 54
20
34 5 89 95 21 49 1 9 99 17 27 15 22 92 77 80 51 94 13 81
20
71 26 25 96 18 1 28 80 89 76 64 98 55 30 41 56 90 77 92 19
20
13 51 27 56 23 22 4 72 34 26 31 25 73 28 63 69 36 65 57 16
20
36 25 76 81 0 84 49 12 43 17 24 88 87 16 58 68 48 52 85 5
20
21 15 55 73 79 52 62 35 94 78 88 46 84 64 29 99 49 66 89 19
20
46 27 18 2 33 0 17 20 94 23 91 25 16 7 41 63 39 54 81 62
20
75 55 58 9 86 85 63 72 46 0 29 31 74 78 97 83 19 64 76 2
20
27 59 95 32 62 80 7 71 21 44 37 20 98 73 64 25 48 65 51 24
20
16 81 70 47 54 50 72 22 42 62 67 61 20 65 53 37 69 24 87 13
20
22 59 86 21 14 98 74 76 55 60 33 24 38 65 93 77 57 87 17 26
20
88 5 94 43 54 76 86 34 57 28 62 55 89 29 95 8 83 59 72 50
20
93 71 4 94 9 72 100 57 28 54 50 42 6 46 95 37 67 26 51 68
20
69 37 84 14 95 51 83 61 21 24 44 40 52 78 32 15 26 59 72 12
20
50 15 59 6 21 53 89 36 83 95 67 68 88 94 10 47 11 72 78 30
20
70 36 38 47 32 88 28 56 7 50 84 30 24 8 72 57 23 55 73 89
20
41 24 95 44 51 0 21 14 60 90 73 75 7 70 42 2 22 96 85 77
20
50 36 91 67 14 15 65 12 28 84 17 16 69 41 76 52 0 60 79 89
20
47 52 29 95 40 49 46 60 28 27 83 77 68 33 58 30 6 44 19 91
20
96 73 55 93 72 90 30 75 43 57 38 69 15 19 66 70 36 98 88 42
20
66 29 46 80 31 63 24 15 43 71 83 5 72 34 35 84 21 9 26 76
20
73 58 21 90 23 83 33 80 59 82 79 60 8 65 63 30 22 38 66 86
20
18 25 45 19 21 54 67 61 24 27 7 82 16 56 34 92 22 58 66 71
20
30 20 76 81 12 27 13 18 17 75 83 66 43 16 7 21 4 63 58 72
20
70 53 77 48 20 88 84 19 25 44 52 23 80 31 63 68 85 14 34 81
20
72 46 18 59 56 67 40 97 93 5 1 29 70 80 50 19 85 38 10 9
20
77 14 8 95 55 97 32 62 50 60 27 70 9 69 81 16 17 92 48 39
20
43 60 14 6 76 38 100 99 75 79 59 86 37 85 89 72 98 73 68 53
20
7 2 15 70 69 86 88 72 66 98 12 27 33 63 51 85 5 53 17 13
20
58 45 66 35 18 16 98 59 1 80 8 83 78 100 61 28 65 89 56 33
20
26 76 41 4 11 79 0 53 7 44 45 34 56 73 37 48 35 98 72 77
20
9 53 25 23 16 86 91 27 100 3 63 1 40 14 98 36 2 88 99 74
20
22 26 66 95 96 58 16 43 64 79 77 2 84 97 30 72 83 18 10 1
20
11 57 45 3 85 32 81 100 22 61 65 2 21 16 98 69 28 51 72 9
20
76 79 28 34 84 68 18 43 61 73 65 80 36 45 64 39 78 66 98 86
20
25 70 12 73 40 45 86 23 30 28 15 5 29 80 32 27 72 69 17 68
20
86 96 84 57 2 73 30 8 22 31 58 7 24 10 36 71 93 12 95 61
20
41 73 48 4 47 94 10 50 25 3 58 2 74 31 84 99 45 57 7 15
20
84 12 97 29 92 41 4 80 24 63 49 85 89 76 99 83 7 30 62 86
20
74 16 24 92 65 67 95 99 3 90 44 69 32 23 70 21 59 12 49 34
20
96 72 95 24 5 47 11 68 33 38 77 12 14 71 100 66 84 28 89 10
20
21 97 57 28 54 94 46 62 25 91 65 81 67 70 89 55 92 24 35 69
20
55 84 65 50 92 67 42 26 68 100 69 45 11 2 5 49 63 39 10 66
20
73 94 55 69 45 51 60 20 97 53 38 39 36 24 0 13 43 89 80 63
20
59 58 87 34 93 1 84 92 25 33 63 32 48 69 18 61 94 71 65 11
20
33 97 15 24 27 84 18 36 65 45 41 75 70 39 25 22 34 31 51 72
20
29 46 100 6 28 32 36 88 92 9 24 2 93 16 11 54 33 57 34 87
20
62 51 34 9 12 14 77 59 74 71 81 0 89 3 44 80 4 55 26 91
20
93 91 38 50 30 48 74 94 64 60 19 26 86 4 33 67 53 63 18 97
20
15 41 92 19 94 0 98 62 16 67 24 97 48 65 45 56 39 18 43 54
20
78 82 51 0 31 30 91 1 3 95 84 17 73 76 47 15 22 75 23 52
20
61 32 68 14 22 42 3 13 27 77 35 17 83 9 97 56 98 44 2 47
20
8 70 13 85 92 42 4 15 61 40 44 12 32 65 22 73 38 51 80 71
20
60 5 80 17 53 97 33 49 94 81 54 89 79 57 41 63 40 36 85 37
20
0 64 68 8 11 51 28 86 92 47 4 87 16 15 66 56 23 1 37 94
20
94 20 50 98 71 93 4 95 68 83 42 73 67 53 40 63 60 41 51 9
20
15 10 29 86 63 98 40 76 42 37 91 22 51 96 21 75 77 82 0 19
20
41 71 46 90 7 93 70 27 22 21 78 58 40 28 75 77 68 66 0 48
20
15 71 17 10 42 14 81 55 32 82 27 41 100 66 48 75 58 47 86 39
20
90 58 48 94 12 56 40 87 15 55 28 57 75 44 20 6 43 46 39 31
20
84 44 4 9 26 1 11 21 25 75 66 55 13 46 89 5 98 83 28 49
20
68 78 10 32 53 17 91 86 29 23 27 37 51 87 5 46 80 48 62 70
20
67 44 97 34 39 91 21 92 51 25 23 98 17 8 49 19 40 2 16 1
20
19 36 3 7 92 91 98 26 60 80 96 81 0 51 1 16 40 22 100 66
20
92 48 84 53 65 17 31 58 45 4 69 41 26 76 6 3 56 30 16 66
20
99 53 100 58 8 82 91 71 18 51 57 94 25 49 21 31 32 10 62 5
20
35 99 70 40 61 33 89 54 34 3 62 11 60 26 27 29 47 64 91 45
20
69 90 59 52 7 87 56 32 26 100 34 89 53 66 45 58 23 47 71 44
20
6 52 68 50 29 25 1 70 12 64 48 31 35 21 5 88 34 71 91 65
20
73 16 90 94 49 15 76 41 8 68 28 99 75 48 24 89 91 18 82 23
20
37 24 69 76 33 27 68 95 60 86 36 11 94 92 4 49 46 45 78 2
20
70 52 54 73 89 24 91 82 13 71 59 50 0 23 90 75 49 28 72 25
20
5 60 97 46 87 88 39 69 81 12 45 72 10 55 20 93 98 41 59 2
20
63 52 89 54 99 34 21 31 84 58 17 26 11 36 62 27 6 64 25 45
20
67 91 33 94 71 12 49 26 0 2 42 80 53 51 6 3 11 50 27 75
20
54 25 47 18 4 80 44 41 7 13 79 19 66 90 100 82 55 0 3 30
20
46 22 20 90 3 91 43 2 39 24 16 38 65 31 4 45 76 62 10 50
20
97 10 27 95 13 78 93 51 19 36 35 73 25 29 33 64 92 3 75 91
20
80 38 20 8 30 100 17 84 72 64 76 25 81 61 65 2 29 74 22 46
20
61 36 18 99 82 89 46 45 51 57 30 33 35 17 91 77 54 7 96 4
20
52 17 7 34 48 78 91 66 18 56 28 32 68 24 58 80 86 9 36 8
20
82 17 30 71 12 6 40 84 89 36 56 24 46 92 52 62 81 3 19 44
20
47 43 90 93 72 6 11 94 8 17 1 71 95 78 40 91 65 81 21 85
20
66 28 9 42 43 97 39 29 21 49 13 32 65 61 80 10 71 37 52 4
20
42 44 5 38 27 37 21 9 46 17 60 28 41 72 15 54 22 90 98 1
20
76 61 95 18 44 58 99 37 31 21 15 11 2 69 68 4 56 40 77 97
20
95 28 43 75 37 51 24 66 58 90 6 100 10 29 18 15 42 49 87 98
20
53 9 43 19 30 5 20 45 47 95 24 40 83 48 3 100 63 74 31 70
20
72 25 68 20 89 71 29 47 63 39 51 59 86 27 36 49 96 48 35 40
20
56 18 35 65 63 26 50 1 9 82 83 43 14 52 58 66 36 96 70 92
20
13 5 57 89 49 0 95 76 94 96 50 66 29 58 51 33 27 9 25 39
20
2 26 56 89 40 94 34 32 10 3 50 9 96 71 74 17 31 48 93 86
20
93 73 53 78 92 23 76 7 54 65 60 11 45 16 55 88 85 42 87 59
20
54 73 99 51 6 19 72 97 39 48 14 7 94 69 32 28 55 37 57 50
20
27 66 20 77 21 45 7 75 26 59 57 9 40 98 46 70 96 60 10 95
20
25 37 97 0 77 75 51 91 7 64 76 29 45 94 70 100 65 32 61 83
20
86 33 56 1 71 82 23 5 22 83 66 98 19 67 99 8 12 41 43 4
20
10 69 8 53 64 93 35 17 82 95 30 51 79 76 92 71 72 12 57 26
20
16 8 69 11 23 40 91 55 86 32 1 98 44 77 82 93 61 47 36 15
20
72 39 17 2 8 68 45 90 16 61 10 59 100 21 52 22 32 77 31 56
20
82 31 1 18 58 50 78 0 23 95 81 10 75 83 99 24 11 77 88 64
20
29 65 10 81 69 77 50 95 49 23 56 75 1 62 88 78 37 9 21 60
20
91 36 56 43 17 28 100 83 32 35 62 24 16 21 25 39 23 78 60 8
20
0 55 45 56 15 54 100 34 74 22 53 86 24 27 70 26 17 12 85 30
20
91 75 5 11 50 90 98 26 52 21 49 16 12 53 61 54 47 17 76 95
20
80 33 46 63 65 98 66 70 55 56 1 58 7 96 91 93 53 28 62 11
20
2 72 51 56 57 36 84 6 53 31 1 14 86 42 30 8 64 11 13 74
20
46 0 3 61 56 82 33 75 35 78 15 50 16 74 29 80 87 77 73 96
20
49 11 48 96 21 89 75 31 71 43 56 45 69 42 18 54 81 98 93 27
20
23 24 53 20 49 6 85 67 71 58 64 56 18 34 55 91 88 77 83 68
20
93 19 89 85 60 55 57 11 13 62 32 74 23 52 42 17 43 90 95 54
20
7 14 84 5 96 51 34 99 85 38 70 46 82 39 48 44 68 78 19 26
20
42 48 83 64 94 59 71 61 12 11 91 97 87 98 53 93 34 46 49 30
20
97 60 33 4 14 34 26 76 45 8 71 69 9 3 90 24 51 17 16 32
20
20 3 70 100 22 86 92 50 96 87 61 34 77 51 48 89 57 49 65 53
20
23 81 19 79 98 86 38 87 1 36 61 67 78 21 34 69 48 30 47 27
20
54 42 29 59 81 68 46 75 100 61 4 71 40 9 17 50 98 13 99 95
20
19 13 84 10 64 6 38 3 90 55 85 87 65 75 92 35 47 14 73 59
20
44 2 77 60 80 37 68 22 69 19 87 59 16 58 30 13 6 54 18 82
20
40 27 15 70 93 59 14 22 45 72 62 29 71 99 31 47 39 54 64 90
20
44 15 99 12 16 53 45 86 2 9 4 84 39 82 61 43 51 11 3 26
20
55 75 95 71 91 83 99 69 67 10 9 89 48 82 2 66 68 59 22 74
20
16 97 61 48 24 27 55 11 63 59 75 99 60 22 45 42 12 92 41 93
20
80 74 68 17 46 88 92 95 20 3 5 19 6 2 24 18 51 25 21 100
20
27 97 68 57 5 7 88 21 23 49 47 65 85 98 78 96 40 51 13 94
20
83 39 7 97 32 94 0 60 10 23 8 6 62 44 74 16 82 84 53 45
20
14 81 73 34 43 78 45 17 79 93 75 18 0 35 59 85 61 28 70 6
20
11 10 89 3 35 60 20 87 14 6 19 18 38 45 72 83 27 76 80 8
20
17 66 94 86 54 89 79 38 60 24 58 68 74 39 78 35 25 51 46 9
20
57 37 40 52 49 12 90 81 19 32 53 39 6 26 42 94 25 41 1 51
20
48 26 83 5 39 15 12 51 7 49 77 88 44 28 100 59 65 54 87 23
20
15 56 25 99 3 95 31 51 98 17 84 28 81 6 80 16 43 90 13 14
20
21 33 67 1 22 91 25 69 34 90 83 85 11 37 44 55 60 58 73 74
20
20 58 0 82 53 83 96 40 30 5 32 50 84 51 54 87 41 13 59 12
20
74 71 29 83 15 25 84 55 28 33 47 10 4 41 13 17 59 80 78 61
20
29 100 63 97 85 91 18 52 48 5 74 43 27 55 99 71 19 65 78 57
20
41 97 84 39 43 50 88 12 8 95 68 90 58 18 76 69 35 38 54 78
20
58 4 27 15 75 21 23 10 39 66 42 53 20 84 74 36 99 60 47 68
20
77 87 44 37 22 39 36 100 90 65 28 79 15 75 47 98 46 50 74 94
20
100 67 95 27 43 9 23 2 77 53 35 85 12 18 11 57 61 76 83 50
20
97 99 54 31 62 49 47 26 55 23 79 51 95 10 64 25 80 7 100 76
20
3 8 10 27 63 92 40 29 41 85 81 9 70 36 86 24 33 54 44 56
20
15 37 68 48 10 93 64 84 4 52 18 98 54 2 22 73 63 32 28 61
20
27 48 82 23 25 13 75 49 12 34 2 39 14 60 42 40 31 85 46 73
20
14 61 62 1 3 84 5 19 88 94 93 33 6 24 16 18 67 65 36 80
20
24 22 55 93 48 67 57 87 45 63 19 81 44 8 1 92 15 7 26 96
20
35 68 82 10 30 19 32 7 63 36 95 91 29 8 4 18 56 43 72 94
20
98 29 73 92 87 40 4 67 56 52 16 3 42 26 18 9 62 100 50 80
20
91 62 46 54 32 37 18 3 63 75 26 98 35 58 94 8 96 6 50 77
20
93 97 0 63 85 23 83 36 69 58 98 57 6 18 12 29 3 39 95 17
20
15 3 24 45 17 78 56 49 35 39 52 11 75 89 57 86 5 12 68 7
20
90 0 8 2 37 53 67 64 75 38 99 5 21 50 45 6 55 1 18 26
20
17 51 9 22 52 35 2 91 56 43 75 3 61 55 20 64 46 84 45 85
20
52 45 86 26 34 54 91 72 3 64 21 73 78 28 27 0 88 67 17 16
20
71 11 46 84 89 20 62 48 68 26 55 72 51 50 3 14 27 9 25 97
20
27 88 12 52 32 8 81 90 98 67 76 61 25 29 91 95 84 20 17 28
20
64 74 43 83 61 73 88 29 31 21 97 85 87 65 22 91 36 95 34 17
20
81 44 72 31 32 4 51 99 67 56 93 89 77 83 19 50 40 87 71 6
20
83 43 72 18 46 7 81 49 13 54 63 67 27 31 5 60 40 14 44 65
20
18 42 28 63 23 5 92 76 34 66 90 6 84 4 77 8 97 25 79 88
20
67 63 88 52 27 55 5 84 14 29 16 41 99 7 2 64 61 34 100 87
20
93 10 23 33 30 22 28 91 9 20 71 58 63 59 64 69 37 53 65 99
20
60 5 30 40 22 92 90 54 73 7 16 0 50 83 82 26 41 76 27 61
20
94 2 89 99 44 96 41 63 43 79 54 22 31 70 29 38 52 98 97 8
20
58 50 69 43 47 15 51 1 35 84 60 55 19 64 54 89 26 22 76 94
20
80 92 8 43 25 15 70 54 12 87 77 42 64 58 31 35 50 98 4 5
20
16 73 68 37 13 61 29 45 88 6 71 42 21 57 96 49 97 58 2 44
20
86 49 46 59 29 4 31 66 39 92 65 50 5 23 28 85 48 10 37 0
20
25 59 90 47 20 94 41 15 86 22 49 16 10 44 75 76 71 42 39 23
20
69 13 65 15 30 35 6 2 57 97 5 42 46 61 22 60 59 82 85 48
20
83 73 92 52 59 96 46 17 26 16 23 57 79 51 9 71 84 70 89 80
20
14 23 20 47 98 1 57 37 53 29 22 18 58 99 39 21 5 4 9 2
20
25 97 86 89 29 53 40 45 81 67 80 31 68 16 38 57 37 9 1 48
20
6 33 0 100 62 9 73 76 63 26 77 65 59 23 69 8 90 83 97 87
20
10 11 70 87 50 80 3 59 72 2 74 53 83 96 40 42 55 21 33 98
20
78 2 9 50 43 79 66 73 100 26 70 47 61 41 14 85 68 90 13 27
20
9 22 10 43 4 93 56 14 98 96 80 15 41 75 51 58 46 8 40 12
20
28 34 41 72 58 29 91 70 97 19 92 73 6 100 9 42 35 37 65 51
20
10 95 24 41 8 62 39 77 25 45 83 34 70 72 52 36 28 76 40 73
20
33 94 78 75 88 2 4 59 68 8 7 45 29 76 58 1 60 70 63 95
20
97 24 100 31 56 88 21 94 65 99 11 90 32 37 35 89 47 73 45 8
20
2 20 41 71 54 90 92 61 36 95 29 52 82 18 25 28 83 99 11 94
20
46 93 33 64 79 60 98 88 99 91 84 57 75 71 52 19 15 44 96 85
20
77 66 83 22 54 7 60 62 40 74 68 52 92 96 6 84 64 89 19 88
20
23 14 58 3 21 94 71 68 74 70 20 79 19 16 96 7 38 78 60 13
20
91 49 67 65 45 33 44 4 15 89 18 72 48 9 76 13 46 93 12 84
20
35 75 34 71 27 44 26 43 52 45 89 93 10 83 18 25 68 66 96 38
20
61 88 90 64 31 50 45 85 76 11 95 7 66 51 53 94 97 62 44 24
20
41 18 4 44 1 21 66 33 70 73 2 3 93 75 23 79 82 85 16 67
20
66 11 10 4 44 75 98 95 85 0 19 23 55 8 26 70 51 1 82 88
20
46 55 47 37 12 79 94 8 84 69 32 14 100 73 57 89 49 67 10 56
20
16 6 43 65 39 80 0 91 96 89 2 38 14 57 12 26 99 9 56 92
20
98 3 43 32 90 50 36 78 94 38 58 67 86 73 60 20 22 83 54 19
20
58 86 11 51 63 88 83 54 36 24 93 1 72 29 80 42 0 64 31 40
20
8 78 63 25 42 41 6 56 83 39 36 31 49 18 67 68 65 86 76 26
20
91 95 61 42 27 28 55 40 35 11 89 71 2 81 83 26 10 49 43 12
20
95 87 12 72 22 32 38 49 76 4 20 57 83 47 89 2 25 6 3 44
20
34 90 46 75 88 65 63 43 66 71 73 8 48 38 3 81 58 9 1 83
20
30 61 5 11 21 91 1 55 41 62 27 58 17 13 12 57 19 80 31 83
20
16 75 90 92 54 45 24 19 49 29 82 10 30 6 60 59 8 57 13 67
20
44 94 32 54 48 83 65 63 57 75 81 84 5 76 3 1 16 20 66 67
20
34 84 17 69 25 64 18 0 100 15 16 53 8 65 27 43 45 85 59 31
20
25 75 57 12 15 41 83 51 30 1 31 99 53 32 54 24 91 56 86 59
20
24 3 52 84 38 95 51 76 69 71 5 17 70 92 63 10 46 19 90 62
