100
5 1945705331 
2114892484 265156021 835765957 137501162 216903752
5 1044865627 
781340255 1721650005 985027943 832513834 944859788
35 833783154 
205771457 1729176618 978643024 1455268022 1537846669 968722582 1945728553 832935727 353653798 1219620411 776243564 1691397985 1170416878 1779705002 444342135 1136631625 498026374 1413957700 1020996097 1642289239 1905600482 289428979 740846460 2128931920 1872514349 2026638018 1250942640 1454625480 1114562907 963209372 1478147373 1437683822 10707753 490608935 1900488408
44 1657134672 
84935101 1473322875 689378023 1009525484 740656515 928571733 199367252 1793400623 1915346985 1844680041 1182733223 1928441448 519130032 2132485800 1036905640 1711348415 329112258 1588314570 790924846 465863267 716030055 127678252 1338550908 1497351408 482960095 785501236 697971812 1975816947 1522365459 362694163 825313033 1885856895 43858872 1974394790 898266569 1100117033 1690657931 1787990910 2019253834 472583439 1334239754 1138861925 1267360657 402836155
4 1672987799 
1017246836 563970402 229388179 945127575
38 1479631759 
355262798 725280364 1287099460 1732207153 869198702 1293727854 662900820 890899823 111644190 1576926780 360265838 1588834359 779135982 1638535523 114888955 889174735 959509571 751601062 1291211141 549509893 1363628808 2123861918 1301615793 2042869218 2094950375 347937540 709214840 941657611 20999031 1187255452 2077906911 459520146 1289652151 945731837 2057472501 357263767 1877123184 1190395885
4 1705470173 
1415830002 1208787435 365274860 513151663
42 153299618 
1383826573 2080805104 1811401946 1120043644 1009518705 1598082590 1013010371 2041107070 1365811843 883290359 1991184000 1760382265 1449839926 669110353 1047388523 1480041620 1312440594 339353925 451898308 114098258 1513242384 1141008142 156733645 397166657 813836608 378113727 1239682421 1970580194 517207797 2072239324 1511649166 1476207715 1259727783 1329665192 546050735 321511336 1341040391 1831613960 180629747 990372705 1301569726 1598340584
30 1482692299 
1071627122 456168363 1185794904 1961672229 527328545 1252757952 572728929 1151444205 959421892 728391282 1044946885 330726843 1760990032 853385908 2061358152 1588114268 1430036803 815993916 922461151 1492677991 733780935 1409399725 1208797743 1052433170 817352096 1799300510 304117948 1622299044 908494150 1800830315
3 1587478234 
1874112850 480858997 1755965825
37 1546831604 
29446501 489256991 347336149 590251410 40293069 818584547 707734529 391640654 535134468 1792716858 1583877905 1843656405 137421892 112177051 1091301860 1267334936 1987903092 1043771454 1721622436 1714723386 54120967 1938394716 1370628263 1292448683 634801823 662298057 635271283 1404853789 243117784 458960173 651460227 1408268781 1295483364 1820524600 804085570 1604643503 1049974496
29 1752757410 
1478583689 253324849 2027694665 1247217332 1013788188 2128204644 1933936897 818685011 868483186 968136842 656082457 611548022 1839488255 1732609211 54688789 1017285088 170990142 2119849113 505355992 1553663857 1508636293 41695638 1279332432 1958647709 1246663708 391354410 1009877560 1420961375 220945369
39 632370161 
633707790 584625601 582746427 1203984169 1448784820 2027079461 410541472 1228121830 82579008 499695415 41312068 126096741 2014977035 1439652781 1038442897 1993133563 518254293 590839268 1395430992 1667785399 1698297650 77801848 1893251997 947667841 439015987 56587800 1707500605 1027725911 812844564 1769904120 573268487 36134569 1539395558 574390015 1083128245 1748608715 1777267170 2032194732 2117862161
4 1539717790 
491551359 2039394704 1504276633 1773162367
1 610434191 
577241795
28 946972655 
874548637 1495365579 1724678963 1249331016 1876325941 1874885089 1867737755 859312511 1550533988 1769061021 2108600947 2095563638 2065325704 33814067 1907482417 996555173 574475084 1822912843 1778074956 863830082 1923448492 1873235666 174288877 1972246728 715786638 882628186 674589507 1070420415
20 250219685 
760331389 473669890 866433255 853875516 1153599828 779744604 959874484 432013272 753304617 1911628868 1445802730 1041109044 798488975 551822326 1373160040 1231028757 1527764296 768192963 608643699 1085797837
36 332835240 
1199285241 371885013 1419205401 750141890 1172414328 336831600 929662701 155707964 496714378 1665786085 447985325 1163188559 1679781710 737842672 908876607 1313698447 274149380 1111702825 105971054 873757631 608271247 1353626871 5372681 1153409476 67151285 1476438472 1530778536 675891764 491378075 36962062 1490482876 1101615765 1537624895 261993278 1187888796 1781151544
39 1109903272 
270947989 399978947 677416584 1153479876 1463497227 246343991 480118645 1186298617 1189411538 1537132021 2021597895 266852745 70917835 362794911 385631068 977401814 1678243522 816624799 1121950463 1774124123 1019751452 326448611 1411994088 1023985806 246406791 151616138 906905788 82690611 124055732 1849116437 654064544 1031315520 800206615 948594637 1921215735 937206887 1325674864 1092825342 592166631
39 570281385 
1061767499 734395211 1572008667 1121297125 1846622395 259460348 795112775 1176649356 2142576042 1469265768 88817674 1004671757 659562920 1984885755 308144900 1763329729 1994763292 1278586925 117839983 808171429 1989831285 1823373655 173030554 14311127 1569716576 816707165 472924449 749549523 2133731908 841143040 824123259 162432068 534114926 1312671647 1596659072 136978751 1787762603 1168838233 1944630709
40 1475606100 
394154131 1771158415 2057762820 849785042 423311619 851481884 1278335722 1085416093 1625172355 882092124 751049802 150095005 42073734 332975385 678789097 1479782805 824622927 1263010689 66721239 2055628916 1508165413 1759654066 895975693 1684937963 844046612 831860948 391435892 1779093884 1849921847 1993520049 801722444 353116352 32731645 1371298706 2114321070 1056873625 354455048 624788153 649935726 852478529
39 1520139453 
1316368928 1421502169 58108834 1931893394 543106751 185100973 403600433 2006962240 1452542587 1874775088 909204719 1947230900 610116979 778491619 323406486 1287673194 19053780 247110777 1932065133 126920800 497672480 1313998945 341798032 782289425 479919563 125003560 1126672973 1930438435 975664349 886528040 1907882849 1461864868 1814148563 1579526331 2012530094 1132817122 1082878700 354284076 1961998694
34 2034211990 
580053897 1632949229 1937557526 1776163089 1715788480 2056451101 1940282857 1767691662 1262258476 113653454 391203678 75839666 419782226 649419386 363960901 1681263286 1945084903 798350466 65078338 420638084 808525258 1518745009 83805661 1645602406 1802105923 1950064910 1217309119 520720891 855991083 1829586369 1694919044 1317232216 789221737 1528564390
29 1485044180 
1096615205 504961061 1942647033 233014262 996721390 556039359 875853340 1020354487 940145601 364277227 1979162651 731256937 1921041738 912524098 309423848 1529389106 1230712565 1048036469 1704725343 995211902 1164809689 1506575825 1377116693 1786855448 131052078 1523413789 1784432742 1583882122 1001567722
13 1990284173 
1530368004 1794254398 349259913 240001271 467296045 739987666 1199882901 804579787 296216009 1782772212 1813428782 1285756101 1583653847
30 147248775 
434708658 826100087 15052477 581891228 1566996913 1159750467 523634784 805582609 1457573672 587903377 90638998 719083514 1933422341 1135343130 220487048 1962123766 402242157 1963380651 1119966137 1602219069 1060707233 331341139 2021850275 511791495 1416169921 1487048242 1334539060 678037856 788614760 1832202218
20 877363377 
1715345754 1654755202 2099032932 1168121584 138753934 1886013721 63157520 1338810037 1598420568 2006517532 914092311 278463763 1060142126 25546569 1407321261 592232575 1253693548 1257816912 969898128 817649417
27 2129766818 
1627008162 1070944804 1563598319 1431455107 2103425476 244162039 437837212 1462205624 1446497518 971808215 1998739401 1177195317 515858229 1864356749 365096265 1594300343 1560070273 884384130 368795582 75678667 945809120 1091067251 1143855152 52580687 507299966 1417639785 505590574
43 1276332901 
1385616828 1567666621 767945366 567610344 1868452584 787823230 961913376 897413146 240776845 2087876137 2137043259 481569090 1148997783 1946152341 67617943 7139531 1860428102 1093265910 1180700468 1503178384 1567286920 1164252996 570169016 889789923 2089319062 1913703597 1091968405 2125095870 1987653689 269898105 57527559 489442564 2066748118 1806498865 1865716697 2088546568 255050426 1403934949 1277968764 152731844 1768767453 1403668568 1453349271
23 1485800591 
625030338 1806045485 1217963844 1022157863 1439140945 1257520798 1562252885 1171752496 443453322 8687691 257115145 24810035 1134575577 97433903 1856869167 1775071984 686131074 1832992340 998138746 1253328711 1278126390 1713871168 1466087869
34 57998119 
1047429697 2141341264 816085994 621061481 18595235 735669234 1675106691 1583906790 190533941 1056540537 209614514 1831142040 1481324001 367686882 2012589171 1432739308 2137404748 1528239482 1630709540 2047184114 1820419141 720370033 782368040 1849171108 1436499712 1022627218 1853961591 1680852287 647481263 2063390094 491654812 14318092 739445421 538420516
6 533385469 
887495993 1379708018 113544848 857001828 445213367 2095102638
12 1657323515 
957793355 213002073 1139229255 1646616271 1207337107 1739093927 1039935663 1620218652 669379126 587772121 1232527711 1958457516
9 6214097 
1661097426 1479277254 161011444 805243214 630801369 1626119549 1931703932 1922680291 593171795
2 107839776 
523050752 205434441
20 1317489315 
2018610897 384902064 205516450 26308313 242856701 76349930 1334421010 645938065 1875620201 1552000459 1150541828 820702892 1377619441 214085028 1071386111 1275965857 1058563186 2072502458 677858 143527713
30 970316268 
516920047 1617610797 1176197967 1589657443 814433608 73087564 1126511107 467220461 1894766648 1829603119 164514754 1732732428 870854006 1351035358 662057523 1979076823 1648600041 1403290793 1029591683 209862533 1811979546 973457610 1271691561 1317446286 726684709 841565517 1368906602 1705422061 1350815709 2147169994
20 1938083294 
448554480 390366169 1971436437 29216401 1416989720 1583780191 1571874281 148106424 1565972750 830155771 1850875695 1098861042 731182237 1615785411 115406531 303730597 1794407076 473991271 1219544366 1752381248
44 2085510057 
148755355 1204741072 1559834747 978273672 1449198228 876660694 486843068 404946834 1873369038 1115745059 572405365 340924241 628116890 264731353 437585699 95869122 1776149549 959539509 1616460816 2093109108 1111217150 1606243032 1363686027 530362881 707843545 1976045406 1015335875 1637411431 657615688 275431506 1679546154 1653705996 1268121498 256396499 1424273142 434058996 358166464 116504867 594923609 2075577649 910929642 1732066429 586401875 1483907715
6 2050547945 
22951313 1256910806 272357983 436042444 1098195821 973051990
21 953974295 
916314200 123569258 521023990 670858792 1215496701 124461214 1854973266 1390809946 233205687 918846318 956491904 1736025450 1445319349 1329547893 496974212 645874795 2005365687 1013270747 1212521069 1875391053 160636214
23 103339685 
102752111 43705493 2035896624 1913383502 294566073 1864629050 873044163 1859066125 42374240 2090918028 1858514358 2131824744 904833637 935728383 733803278 1161979039 546231547 194085175 1939717986 935846449 546081314 1337012450 2134364974
34 1742718370 
338231127 1819699281 674038951 725523314 85068288 1373963565 255204205 1560201736 362127369 478039789 1077281317 1318968748 1515871316 2035489846 727266107 1614365249 1451365438 657787131 560628010 978246874 1402248974 516637845 508787983 613093961 1723376774 257650100 2047714444 257007481 1589653292 2028152373 600299532 3329446 2048983595 2020012838
6 1063562188 
699305858 1278422496 854120479 641522178 741075029 2140012646
49 734481974 
322094579 573202514 284332060 1965532858 726366851 563575674 801303666 619832548 883800332 363937814 1298202654 1424548485 511680608 1638477976 420943364 442528081 1321257337 1554007008 932627320 1452536478 1723823609 289845794 1929392615 1004627859 135905152 1351374732 1096410741 1106329837 1870971514 325957641 1697271523 868190710 286800918 196488357 1452846662 1724440289 1305735633 1807247091 1019535012 1190034082 226127503 1797621842 1499284996 413944184 1421098289 1608901149 152223162 1020560959 1970024674
21 2097585764 
694856163 1258173765 2005934833 1119479985 1422057025 913187582 1128635464 238355416 1722516714 558304868 808080828 994472509 991159379 674006879 1241455646 1431577320 123876400 854573945 916759186 2026181274 2142055612
21 1930210779 
1627738051 1472874620 31545994 826781204 1504894888 500202733 1219430539 179568657 1462951720 1288874200 1990547124 941650305 431085150 892418903 490545267 1202872470 1249486682 1788333414 1048254408 2008026501 2106881198
27 1384901957 
1268586453 129350712 1341746434 615956669 376679220 500934875 860320285 1504766764 1448189129 1286322333 1567512986 1960880971 1240880400 1784643753 1926632368 1112096474 318393330 1412707720 18833667 949570229 306197537 485404844 685969852 11386307 1403783848 34616518 1333781111
39 495874509 
1412344631 597275805 636470729 40513969 1746224899 294209123 22925571 789031702 1296438768 954011575 1561341054 101090860 80112734 1381548689 1169872011 459302912 487673710 1995972800 607049808 409448431 2104579807 1407966317 868857979 1191151801 1553209850 1691164052 957069421 57921513 306124841 1312520305 1329822239 1098728072 1383665098 741881488 714288719 289192552 318775369 781273535 821586263
50 538116772 
518048683 870377517 1398734902 1664605235 513848101 461600203 182304252 88100861 1103024304 1656817300 1277538349 1480507691 225410106 540891380 1855223096 1183262067 1872927716 1371194761 2068443777 1765284705 1345376819 1296691470 1044832414 1281477165 84798287 622975228 1649522457 1892576715 696755044 364239697 390005766 2110348480 1083349622 928974487 1202798778 876755278 1208256536 197542032 386584280 664999729 105831424 747522600 1272146114 1123713680 832274373 248906964 1257571474 1129592070 136228207 179874096
12 2029320068 
373177370 907357398 508427082 127806500 1845110523 1766955784 1244399799 686389290 1398257269 2119908749 284464921 1000581326
38 679316521 
593701764 256050105 1957165063 86841380 1079170061 571063305 273454652 305777167 1763439070 1097866808 875169507 1296861084 1073347297 2052151597 621155560 2042631047 1880066028 1659989731 1957945109 1810418402 1204574430 1746490703 2063695959 59397040 985796254 1836052105 962058595 1903242678 295122372 1129746277 689532467 912257469 816188952 159604619 344011566 1497893033 1558097380 1259038413
4 65711687 
43101833 1111343485 534426484 1389814609
2 1979228980 
147656421 1096328141
11 139727127 
2136084380 1610740004 1550370094 1011022263 153066817 1503206457 671813206 59360542 564714514 2064464022 150050085
26 1693404754 
1668965426 1643477019 5633996 2101699886 95242578 382906129 1475643928 1751535130 1632696672 1054533452 362775726 1479871917 920594787 31934270 1275570939 220104431 1669792930 76221830 2093006940 2046292619 1542292841 2082629016 1769404091 1331424807 1154663649 1592462073
13 1421222481 
1742748599 397965469 1652208643 1101737132 1709019765 2070605231 1122800732 800824304 157033727 1731028567 175410589 284666200 1982784238
28 1103127765 
1282519425 557875736 327245657 1426641872 1937180574 1773923470 840457214 1843365272 1251003073 347195479 753428781 1063994384 56649456 851121867 851285485 1720992640 1020260934 484770628 1663662835 1676784760 1347369930 1318335007 443223463 966580586 369789996 1793580616 1235660986 469390115
40 1777321373 
2065168707 1376537605 1092954567 2091264435 1644057564 230883034 1014050013 487208701 1367010091 938764026 570342687 1330515889 689894789 1751302613 1656901939 1138930384 1112512384 510600379 1089309109 530688951 7521258 2032126393 319704458 654593286 1312859347 1964481222 606046415 712718725 1562539008 566825459 1070713157 745818168 527969624 973367251 878577072 2095073856 521205654 834122410 828021496 88583968
39 879583292 
1247662677 716300232 542167570 775930059 1418187069 1682439861 848793457 1172752387 1085069700 1367496144 1027729880 1038172007 1625375774 1700341291 1722568688 587777107 921024850 163442973 1015234348 1735822978 1062304633 167063408 750823303 1367725574 943300921 1375358416 113547809 531530092 2048407457 1284967679 1906053066 832365014 2081895113 1898202993 175266663 441545729 1026634254 1102716492 722072921
48 912555237 
1517676535 142998493 1224237724 1320608712 1877115947 1760318893 772325487 1361385538 991594384 1828227716 1320193337 1530919538 1725317094 81870383 1572167381 2066408574 1591738578 1567204153 1931015400 1013498884 1680928327 1683589004 1522404197 1627207622 1423454861 1141684377 106968013 144833980 905043378 1910847102 1732735911 628946098 1170334987 1502641242 737592110 1259375576 359733040 1116938035 659805227 442357557 1711063505 1262934923 1608122097 632304930 1479070579 488957020 331992468 499821271
27 1626201741 
688511818 342960365 978417584 450994637 1601726437 1556208665 350756215 615358839 1612708954 390147685 469284228 1483998837 744889260 15669117 1795621323 1400994003 1969646766 885005584 1429235775 1079520241 1139660275 348428740 234387323 1090115496 1507226724 341527263 901489221
44 981093562 
342103700 869302836 1544581616 939303316 1274460407 688359870 1002255433 652635061 946210938 686387329 372879037 925462035 552610659 686803512 52359028 1384332410 406094442 728729460 1556493080 239350382 1280635329 2107936662 1022368389 1471550324 1847485941 1917951159 184580892 616733434 1077596063 1521330024 267324055 555051699 1894643476 1511023954 197735136 1592553860 1766363419 624724673 902340024 774433682 447379429 173241896 1396504342 247250319
12 1581509645 
1845902723 2139844316 329271857 1532624424 516363414 1424877457 1416918243 2539554 1664251057 1033670841 794349272 1806984421
43 1361201596 
1284956720 72484962 1449517633 668393796 1452001096 1455100656 1309871900 671999500 1184729277 681859810 1351079598 267824602 1280117412 397929966 446017090 1618708012 1728217133 1724892107 1320827978 1993164632 748800360 1476177510 561243264 1827651611 2091941501 701803464 168165726 1123609422 1224435074 401560327 678729567 271660402 1107677888 616578083 1231040466 1977458580 66671540 1653008678 425138171 88789656 995474825 1147295 977327499
21 1124088368 
2131863405 195731685 878211388 1207648090 1245420524 1634708807 1424895922 910667839 657796129 1267739940 1137813539 683124739 1742259376 288211682 286534550 592489063 588853556 1330038338 1383336853 678884964 33520694
1 870892902 
257913136
5 1175496324 
1896637064 1984092190 1562870337 1638624430 683015136
18 855910568 
1090517086 198364402 1988585055 230997608 1490953131 284012686 493192916 1189691897 135268927 974334833 2127013136 678826201 1538255672 2077172344 261283236 2126056686 561707846 1065449934
32 623499899 
604675372 94504689 288538005 1329350557 1671806604 174391259 791296897 1875248530 2039145017 5144056 1642659395 616804936 1017859321 1294618545 190172735 135645730 860122557 36066872 1184846397 1453803013 1928628602 751212091 1696221458 1613975272 925729754 1481055667 2117954742 315566324 1288574382 1864485006 1502459879 86778476
9 34424101 
1434731375 1393817427 926674515 2725950 1678615835 1711962071 712947498 401472738 1565565939
11 1127288273 
1246993005 877565960 1401922202 348049024 2012219718 1533353908 1635741501 1106380289 1044619040 317726132 457762626
18 390361028 
263493911 1258438322 775686830 116718071 1237448149 1887056146 1800924830 463214765 1117088591 952351927 1274990830 1499948464 1181056250 361849455 1347661509 55130499 1266003110 135276973
3 331163499 
2063200342 2138167519 2076992637
3 415599695 
1113117395 1691564282 41141579
2 1780228494 
627790438 19461066
26 2011599006 
1758713752 708860681 1992938662 679263305 937996358 301665258 1200305540 348623679 295806266 1544332684 1912115273 2005820387 1981425267 852911670 427653151 362323258 1223763548 1810676623 1479632973 1767536400 2060206077 1105865619 1489739345 1737868383 1613972485 568770931
37 1997247984 
1804829942 291814917 606818607 2115307818 2053208693 1711082397 348980139 1783302229 279807156 704583656 1840949362 705895459 1629801975 1658292315 381037905 1758016565 1237409281 697824049 1017643533 750041836 1634409337 727851989 1222222046 2055399745 1618946462 1208408940 155235608 494676854 1876897577 382748291 1788160587 2046556839 1588737661 462679552 1059258481 1306929627 1124706918
15 2082229887 
491704675 821470872 1713479169 1067153878 1933568498 1889382539 758219172 1518537859 963081898 414586348 130056399 234590111 1485853001 1738029524 1675219404
24 252088454 
485366044 834546776 1091155632 1453022001 1565563626 1695002490 1830755666 2060332019 908976753 1156032810 1790112503 515275240 701586908 667987060 556548656 604568528 1346557690 643047607 571831195 1019711561 1638726636 897534983 409125142 1943445703
15 749635739 
327654903 32782994 66112806 37028783 692331099 1382815594 1256301858 1338991356 1163907507 716939495 342753193 2019037255 1214286326 1647189399 1605906716
25 447777615 
1505902521 1135778674 2094189134 1090005977 324984060 1220507674 2088896370 1677468817 946192243 313063507 993127985 1904537936 341372996 1258550329 1179877212 1282930734 1040782737 2047263556 532116566 508627397 1826762669 663771154 743606219 2111206598 328471880
32 2088451317 
983226235 362706388 664391518 1551112866 1126092735 1636642560 1743752753 2102089787 1073100480 760217765 1733972707 1130854206 1273307018 418165754 1616616762 201373519 237503638 395833352 1040216400 1244104680 1430208198 1543434986 1683899655 1637312010 1405777440 1025135874 550567028 320951563 390565924 251737130 598846949 1303485657
15 487992905 
532756403 1897329925 71835433 573131711 776935645 1962301825 69634787 779127713 1466218491 1281794249 1601754937 1846540981 365359390 1362822485 748624490
6 294430108 
1484790179 439097996 179442114 1662006077 241779014 965861184
16 375127124 
468323532 836881919 1824797633 1560551198 937684863 1309375906 1140313725 1954973709 630916510 1507683501 416583577 234897461 2143407399 704242408 1582862797 1033256068
39 1605126832 
1654715298 141998579 1406134773 104139931 1849629665 1533928879 1760194725 277273366 1411723362 1226055598 1322799136 1789383215 1470131449 2067916266 2044422581 1528833125 2124245446 1433125017 1215640676 396588427 1530989821 1681039587 1104457919 1784930474 1559966988 828713265 166364708 1623068853 403325835 424035744 1101366278 594886871 183529905 711187094 2088352837 477101665 329524438 188170525 373065362
32 190563692 
1697137562 76682871 1621934637 412889017 561893713 295828929 287213759 780260969 2100637890 113614003 535504653 923810355 1988813613 369317182 1508141073 971923096 446216641 800607317 366410260 981091877 1430109800 1049699401 155904314 2078715120 1772675286 343434076 1248624971 2062141372 1550869683 948909967 497203999 2064731836
5 785874427 
1654930802 1166914739 817298311 623005851 5363474
1 107813794 
1992265281
36 1484733140 
175510087 1423669582 1821206297 324224779 1057257260 600283393 643441700 2078125998 927266928 1673088113 554141444 861500144 425663045 219920723 329511908 885402121 1348789168 1480134346 1737290727 28900247 1728465559 136418707 470835660 2011243088 1636468068 1652085068 53218945 489483292 1101296616 1844927441 1726950460 660623753 409269719 542828537 319176970 707210572
35 1391252592 
342335626 2143645947 293286940 725154177 882194921 611292375 1234573866 1719233567 899042976 980367137 1358987957 756370016 270953566 1768262413 1061076805 956649677 458964269 2003297954 1180647127 254600459 609038938 1236335844 717414671 1555217699 1489101237 866942154 485340771 1944210951 1651758873 1166212097 1065344477 1584670326 1857458236 605997531 2061171163
33 1355725866 
1732399582 1796470276 648908831 2143817357 2072245196 92255669 1998267016 1020989810 2000951968 974419240 1347930361 640617865 1932690766 1121063092 714120910 841834759 1984450426 593379610 1914349392 101970138 962110111 1539017891 704904148 401994062 91005768 923609600 1616737070 765302448 1743282989 1884767329 1027120288 1787136656 2013435265
42 1035213916 
1621296357 397911905 785177241 152070390 1962413593 132424046 1906036256 1897700365 936270940 832560317 1064254025 370559534 595845208 1084507255 359060403 29608543 880160991 382670569 169600868 205268901 1200045657 513529162 1570666043 513145369 998356611 1505235990 1293499220 184137307 1821761384 1928019551 1829433244 1526710235 1708757050 1185712673 1739788730 697120624 1381638235 112571098 1587526926 1943484641 898860112 1031785949
17 1152346676 
45728275 1596197017 1792819165 1261276458 1146088050 435939731 2019383300 2038391961 1056364507 749976596 502756418 595833693 811984467 383697142 2034570686 1874792928 619892731
36 2022797260 
795650885 186957909 1687322446 690579657 882425082 1802722980 1622270701 1941536511 910198535 944576044 1331575012 167873796 1403623915 108071206 2138508490 678183403 2044791135 575059928 116678385 1041326999 1326122111 273797593 629673469 69723049 532914355 586881903 1912777048 1006748830 728986243 126064610 1778685290 1056563271 457196759 1392624112 870564359 1535098411
9 1980711129 
1403967090 1658305345 364290511 307308275 47800886 296244166 2082682157 801913387 661552595
48 398087381 
393277804 1518957645 1994275720 100216160 2097361192 1494765614 372121552 771485535 994139907 1729033229 1781929081 166057221 710042581 192181019 1657399058 407985051 2070623578 1042077652 1954636304 510667274 1561122569 1384473399 1182840594 927450259 395654722 1476005786 153168202 1017854775 212660043 1175248595 1207301073 383061832 461542948 1901394449 584097263 1402596439 103729162 829472665 434056565 635938927 1005152320 937906963 920227611 1476590631 1228827554 193803808 645583762 1129817102
34 7348052 
1361934919 1053042473 471234633 1838776614 1371144574 1488004621 411791698 236922301 93617721 490114872 727153920 23212781 1854138941 364856805 1458701030 1759412015 1014230429 1613103117 1453328801 2006583781 366326995 671790475 743069631 1757001348 1340494657 102271390 209615075 1972409064 30787625 897689724 299836529 952442634 1822979268 192316172
5 952296075 
945988222 758566377 195830713 1355579637 591255492
