20
3 2
1 2 4
4 2
4 7 10 1
124 98
2659 7090 7778 6187 8802 6922 7941 1783 5712 900 6993 1364 2872 6824 5258 3908 1891 5028 250 2792 1674 200 406 7550 7537 3078 7127 6981 3683 206 5141 7015 2883 45 8978 5715 3497 5888 1492 7059 3002 8822 2244 1100 1819 4195 6317 4587 758 2886 3665 7913 7706 2176 5648 5596 5993 2831 3061 8069 1316 5127 4384 6763 7090 1952 4449 7994 5538 7325 7357 4406 7933 6960 8253 5931 2924 308 8448 446 1608 8465 136 5319 6511 5283 4318 4081 789 4714 4406 3 2237 4639 2539 939 4154 7966 7213 7331 4898 4496 8928 2891 4730 7651 1966 8259 6227 6472 4627 5978 7682 2238 4968 3409 4150 2058 3226 1588 6898 7997 7482 6366
211 174
2854 4880 8446 1874 2797 5681 6431 744 1139 6085 6351 7923 8786 8842 7937 2301 1196 3884 5241 6605 1620 4169 3562 880 2722 201 1786 4936 3766 8326 3323 1305 3232 711 8357 2925 4653 7593 4687 1192 7050 8820 5539 4969 3558 2028 4378 4489 562 6662 2810 1659 3298 2468 1326 6145 4281 6213 8242 188 2246 6940 1898 2315 1584 5005 8070 6058 8446 4730 803 3036 787 1140 7593 5145 6350 2050 6044 4509 1201 7252 3465 3658 6128 7298 4956 5323 5449 8181 5780 7576 7064 2616 8877 5627 8481 1835 1260 612 1055 5408 3614 8491 6550 3590 4776 5264 1441 7025 2306 7147 5951 7860 8776 7787 5744 2 4079 5666 8838 1399 4469 1138 636 6650 4333 5389 4262 5778 3159 8856 5578 5767 832 2138 4657 4216 4433 8069 6090 5423 5706 3496 4717 8431 100 6160 4468 6283 2492 3266 186 138 3874 789 5536 2689 6984 1880 3164 7910 3018 4277 324 3830 4048 7051 4973 6801 875 1699 5714 6307 4427 6964 767 6646 8060 8348 4834 2250 4107 8232 6301 3461 1346 7193 2081 6503 1478 6867 3958 279 822 2999 8819 8508 5549 8140 484 3867 3497 6519 0 5151 1530 8972 5674 452 3824
142 107
80 8298 7275 5057 6346 6792 645 4274 2978 8582 5486 780 5440 8401 5841 1508 4296 6738 3626 1482 3671 5422 1290 7563 19 2010 4546 2606 4242 5295 6743 7656 7362 6257 4361 8928 3330 8081 6610 1863 3357 227 3361 7598 7681 785 7312 2350 7815 2657 8276 1386 8974 3325 3468 7990 3098 7741 8496 328 8201 3692 4205 1492 7270 2642 4532 1982 2159 5638 7534 281 8532 1755 6486 4210 7026 7326 2083 5984 1565 8287 2639 5153 8036 1379 3671 2322 4691 5235 3940 440 6722 6730 5464 972 6102 7990 8138 360 1847 3440 1501 8413 3983 5854 2104 5015 3767 7629 5524 4032 3405 2717 6869 4101 8092 1543 976 4051 221 4179 2779 6375 6703 1909 4730 1411 6277 5947 1839 6560 5613 4665 1524 1884 1548 676 2301 5714 8172 327
185 137
6074 445 4371 382 7641 6802 6858 2413 2468 2134 8989 8630 541 7993 5382 3401 3093 2624 1081 4386 7944 3101 7834 8011 8477 4724 2943 3134 1239 3077 4224 3812 1669 6375 6626 6982 393 3161 5251 2329 4858 1834 619 2068 5373 5531 7724 159 208 1718 1145 3238 1063 3977 3535 320 1842 5667 4208 2407 240 7559 2622 5333 2876 6816 8189 8481 7323 4654 7250 8936 6643 2889 5739 1383 6541 6334 5754 8178 631 2388 5567 2116 1932 6362 717 3322 5606 5348 7347 4026 8650 6476 1908 4786 5559 2955 5397 3529 2141 2571 2881 584 5725 4314 2725 8340 6947 1998 2633 2397 3492 4612 3486 1850 4015 5297 5870 3210 7082 3192 6394 4552 3209 5791 2091 3867 8878 1149 2135 4140 1298 755 2862 840 8361 7768 3797 5296 2174 618 7452 445 6571 596 7059 5104 7510 1900 4411 1158 1232 3090 8692 2379 3401 2784 2635 8430 936 1398 125 6863 3508 7311 74 3957 7926 5313 8188 209 8601 1603 1757 7933 4471 3898 5045 1608 7119 5494 2450 5027 6847
30 20
264 5205 2939 640 70 133 577 2872 375 2696 1834 2329 6931 6150 3185 1445 6106 8283 2859 730 3678 2680 478 3458 223 1752 1246 6263 7421 5361
212 119
6030 5577 2348 4900 3073 2282 734 3427 2189 5286 242 7893 4445 3414 1966 423 1842 836 3315 3541 2720 5336 8469 387 3346 2114 3056 3578 1863 7805 3217 1084 5570 4971 8541 8901 2700 2550 3322 4915 4645 3205 7945 431 6160 5922 939 8291 6641 2321 2923 1228 3018 1872 6879 7231 5500 2591 7845 6765 5155 5852 415 3928 3901 1581 8129 6291 2430 1224 905 3243 5156 882 1140 2306 3954 527 2734 5523 8790 2065 2660 2287 2039 900 4359 6934 512 6125 1323 6411 8721 8535 7975 4816 8584 6102 982 2413 3425 1182 2750 1159 5493 6954 5288 5804 8625 439 8682 4616 1643 8366 1292 5671 3937 1385 5732 4751 4573 5104 6226 2266 261 473 3873 1662 1299 8967 233 2775 593 713 3469 662 6735 3324 4397 140 6716 2749 2224 3666 921 2788 7609 7968 845 4885 3696 1248 2940 1182 4547 3249 3690 940 783 2457 1567 4107 4565 3339 7766 700 8611 4120 5319 2396 2209 7462 8748 1377 2210 2555 2939 635 5128 8460 3817 8370 1884 4538 702 5987 3068 5497 5316 4087 2493 4736 4443 7667 5390 6705 2277 1377 2602 918 5280 8549 6021 1839 2401 3653 5660 2945 3316 3417 1452 3355
203 195
7279 6515 4077 7645 3832 8545 8247 7366 8962 4578 2873 2582 6675 2690 1625 7394 5274 223 959 5896 382 1803 1863 1499 3940 1100 5270 3204 149 6321 1656 7826 1797 2675 3821 6787 904 3095 8220 2933 4787 2377 3873 2999 4412 5046 4811 5459 3099 2570 3293 54 403 8756 4243 6722 1883 7304 4848 5983 7631 7424 4237 277 234 2534 1521 1781 902 6306 6245 7480 4213 2835 7291 6036 4613 7155 8526 2169 5723 1982 3815 5906 4918 8082 6158 6717 1904 148 2463 2531 5750 2657 3837 6905 4554 1918 5659 966 3175 2028 1017 8637 2884 201 42 2604 2790 4387 672 8530 4902 5088 4892 6543 7319 6568 5147 5528 5119 4304 6829 2602 6202 5473 6821 218 4599 3491 6722 3948 1626 1983 3687 3096 4857 5270 6171 5827 3767 4511 5370 2845 3327 2295 8195 6556 5253 1457 4729 6557 519 4455 7259 1452 1179 8958 1063 5374 7618 3406 4621 4836 179 4407 4377 4201 5295 2910 4022 5327 5104 6460 5190 597 567 560 4285 8276 3158 5630 2873 3556 6739 6891 3897 1071 8369 2420 8124 5119 2263 1421 2511 5180 4491 5878 8901 6648 7067 3538 6540
122 105
5389 6681 5094 7836 4677 1026 5298 3969 1184 6764 1165 2581 4918 1249 1190 6539 8097 2247 7852 6832 1603 3966 327 5064 4961 4578 1252 4149 7117 4736 809 2079 8852 5078 6761 5511 6457 8118 4426 5168 621 35 3377 2965 8391 599 8274 3188 6624 2188 6558 497 4037 6102 4598 601 383 887 1950 4691 5682 8750 3252 482 94 7361 3675 6852 4551 6854 3732 5267 3660 1832 3835 978 3764 3647 2054 3605 8330 622 5107 6133 6648 7865 6284 4890 2566 1051 4031 7956 7817 1020 131 4061 4293 194 5501 3288 5865 7364 2257 1267 1894 5924 5241 3879 513 3104 8237 8336 8236 5205 3490 1722 139 3563 8708 6446 7331 2740
92 53
5887 1825 5755 6494 1787 695 5789 1125 8670 3606 5076 5965 1137 4884 8949 4272 6658 1808 5265 3480 1527 5807 1052 7130 767 1574 4635 572 953 3842 6162 8846 2331 8799 7699 5010 2608 7489 679 6077 1490 6141 3470 2938 893 1915 191 2466 1056 4430 7846 633 4084 4747 5494 1680 1384 3108 7630 7364 5876 5696 4389 2025 664 882 274 1098 1480 8590 8725 5261 6693 3593 4459 7028 1541 5491 8561 7879 350 2708 4661 177 4947 7798 5162 1521 3101 4736 2695 6171
54 36
2885 6329 419 3141 5063 3035 2293 6289 3541 3201 3422 1185 562 7099 5444 7006 3239 2335 1728 4979 129 3520 1616 8711 5761 6026 8101 5569 7869 4371 6323 5846 4537 6521 2202 3947 2849 8593 5863 563 2390 7772 2135 211 2568 5275 361 601 6056 3066 215 176 7936 1562
47 23
114 3154 4877 2609 6158 4599 1135 7894 2588 1534 5166 2502 4923 4332 935 3838 655 4308 5364 8853 4236 3996 3751 5103 7959 8709 4857 300 6736 288 4130 1431 1634 796 7472 4396 2075 4044 2591 3429 1166 5182 539 5607 8075 1602 182
176 120
5261 8423 8302 3534 1670 2995 3550 5724 14 7770 3715 5691 1647 5087 6289 4382 3725 1470 2597 1102 4154 5537 3865 3751 6210 2566 6423 1067 7011 6737 701 32 4486 5170 7878 6990 6021 406 6201 6304 1430 5385 5560 2695 7907 4309 8103 7541 3881 534 6185 8990 1635 4984 299 3472 2476 8570 651 8931 1190 127 2218 2741 7480 5306 6497 4810 2032 4224 5525 4477 1521 4914 1390 5619 5064 1936 8169 644 8082 7873 4725 5459 5749 4401 4577 2523 6011 7942 3120 3665 5032 1814 7357 5534 1145 5546 8144 7996 2712 4852 3208 3376 489 8877 1541 7126 3904 4745 8001 2822 4552 7238 4385 734 6249 7422 5697 1742 7723 861 4196 2540 6981 5712 89 2388 2029 445 635 4758 1562 6916 1858 7313 473 2871 5941 7323 6531 3498 324 7376 7923 4694 1633 8541 5444 5606 6933 619 3687 4051 1136 32 8740 3371 3132 7876 4847 7578 622 4809 3931 3677 355 2659 3726 7041 882 821 5248 1356 5082 4435
119 83
3064 4342 7372 2208 3477 7703 4859 8309 2738 5649 4037 3094 889 2449 7662 6356 2116 6598 8606 5853 1738 7908 8670 7308 7961 3731 7443 4174 3901 1487 2327 3692 5579 3808 7389 3881 2976 6427 3600 2979 924 6105 8861 2522 1742 1920 4002 1737 7433 3074 2453 6326 8551 962 7367 5438 8133 8666 4231 8970 2389 1429 8125 385 1437 7406 5109 4499 347 5873 6441 8717 4923 616 984 7052 5288 215 8744 3699 5250 6164 6836 668 496 4790 3524 4976 5424 210 5048 690 6369 748 289 3476 2733 7574 4408 1336 1137 2951 2026 8723 4556 904 973 7473 3045 2148 5934 4583 1547 6819 1669 8386 7552 1768 6017
35 17
5689 6293 5504 3877 4289 188 4579 6100 959 6949 3361 3930 2216 7936 2742 482 4187 885 508 4042 6122 261 1752 198 202 4599 4144 4086 3868 5835 2248 3688 4453 7213 5450
95 74
7361 6803 2825 1768 652 7468 5700 5052 5860 6364 6719 6130 2804 3572 5990 3423 4820 114 7613 2979 6589 1302 5739 1178 4902 4861 640 4538 6256 5788 6825 2063 6692 4618 1501 7888 3995 1715 8698 5018 3898 4190 3825 1955 3364 4006 6818 2694 8346 5650 5036 2550 6097 6913 2075 6908 2018 640 7200 4534 2186 2942 4886 1344 3004 3282 6789 8470 1181 621 1327 4736 3082 3136 3719 3333 3461 1553 4670 5460 2218 4889 1837 4582 8369 4427 872 3384 7627 3157 6320 1478 3794 8266 6188
129 71
831 709 5168 3735 4101 7506 2239 7795 7955 7920 4195 2484 4412 1138 3603 4219 3434 925 4187 4911 6990 3651 1818 1341 3290 3316 1672 362 3040 551 596 6831 2142 3119 6374 3673 8292 7068 4626 586 4652 5011 2684 3377 2238 3797 8887 4541 6143 6338 5037 6253 3439 3857 1250 4653 8467 2808 157 2729 7239 1773 3567 1195 1638 8704 3450 6274 1202 593 2167 8417 839 3411 8738 6871 6796 8907 8667 5014 238 3413 6715 8477 776 4148 5129 8222 5950 4778 1944 2225 4999 3340 1535 4773 4523 8220 2793 4896 8826 4348 8964 6885 143 1135 3736 6426 1596 704 4417 1111 8199 8853 8369 397 2929 926 4732 5351 260 8509 5841 2736 1152 7243 1066 2122 4840
5886 3241
1099 6558 2050 4998 1231 1502 3796 2091 4822 552 8644 2027 5714 5341 5190 4351 1379 7522 516 7984 4221 2756 8649 3334 3406 691 7398 5548 7443 7416 7351 6659 8292 8483 688 2372 5105 1693 4074 4422 6568 5506 5866 1680 7343 1526 1263 4752 4812 103 2986 4166 181 5339 7440 4177 7638 8071 6934 4784 1577 3385 2699 3657 3080 1852 8881 3546 7794 5748 8719 2615 1726 460 4254 4739 2924 8402 1272 7694 2581 2390 325 5677 224 4225 6432 388 4387 7374 195 165 773 430 7917 812 7392 3609 4517 7095 6994 7535 7605 4294 8384 7407 4378 391 6792 8451 4778 3977 4889 2787 2032 3036 1749 3174 2533 6195 4872 2675 5507 1440 2686 4074 982 7971 8175 625 2411 4480 8806 8471 4676 54 3884 7443 1258 6710 3158 3938 4881 1962 8903 4633 6291 7354 4796 4494 956 90 6565 4682 2877 8007 7612 4325 941 3186 5639 6935 7882 4518 1444 5280 8945 4523 8362 1649 4187 7649 8402 1440 2280 8454 5637 2424 8972 3916 3045 5801 4807 778 1496 3031 8534 3850 6251 561 2379 6541 1016 5796 6643 6380 4588 2237 6785 533 4446 3512 324 7757 3019 8609 2033 3520 3307 4884 5453 8308 1821 2551 4963 2752 7188 7344 8681 1840 4184 8709 300 3092 5565 8337 4445 7884 2733 2161 4401 4659 2083 2203 8391 4462 2202 5348 8505 970 1447 367 6801 4524 5146 7456 5665 4720 2950 4348 8443 1968 6396 7943 1956 8398 1329 668 5433 3676 6077 3180 7306 266 3949 7593 6974 6787 3257 2165 3420 6585 3849 3688 6293 2918 5627 7297 6515 6359 8356 3994 3455 6815 5043 4809 6017 2990 4849 2542 7492 5051 458 1262 897 2638 1509 182 3698 1164 2897 8115 3808 5174 6330 2824 661 961 1040 2172 6419 1140 1527 4161 5039 8609 7158 7635 7928 6901 217 6164 5490 1421 4594 629 118 5380 7781 1697 7110 6854 6241 3797 822 3757 2493 3916 1614 4480 3335 5485 6116 7983 847 2890 6730 2168 1180 8530 7496 4429 6022 665 7450 2791 3133 6578 3033 7013 1512 3791 2206 0 6283 7594 8689 3854 2440 6091 6314 3184 3336 2188 1706 1068 5195 6681 5515 4728 8427 676 6361 5318 5168 2347 8670 3048 4605 1715 4485 5616 4241 4751 490 1101 6955 5490 1697 7254 1823 347 3134 4138 3509 6015 3360 3082 4764 1668 4358 815 3913 5334 7996 4105 3527 6436 5367 1198 5415 3195 2969 950 2526 1615 5391 8069 6535 6490 6737 1949 3789 904 5136 7292 2492 1537 5077 4916 3010 6208 3913 8903 5240 3779 5471 8536 7286 7613 2975 1369 3902 2243 8522 1335 7717 1294 2547 4111 2002 5905 1059 674 6039 1616 3655 6185 4799 7876 8457 6731 1882 6055 4338 2521 1705 8598 5923 6094 8895 3963 3906 7043 4284 871 8540 7770 2658 4389 4818 3850 5213 126 6219 955 4767 7324 653 5241 2115 929 2167 6421 6884 1187 4188 2090 722 3216 6088 2529 1823 2026 2496 5584 6950 8635 4489 281 744 1958 7273 25 3663 2086 6367 7766 2958 5739 130 5003 6767 5203 3000 2149 6541 1452 1523 6144 2637 3076 4535 1328 1804 2743 1587 4949 3400 5929 8669 4875 1634 6462 1964 206 5492 8503 5488 5812 1384 4558 1243 2133 4194 8455 3290 2758 8403 3919 3619 6104 4675 6698 1664 3715 1120 6510 7473 5977 8306 5165 7503 2816 241 285 3100 4135 6010 8166 399 598 2547 114 5893 1648 2300 8516 8731 4412 514 2586 6440 4979 936 5380 2237 8651 8552 4887 367 2392 2980 4362 2191 3347 4034 7038 3161 8383 3168 6413 4516 8309 6031 6197 4666 4686 6572 4293 3083 8194 7240 614 2926 1900 5459 6263 7794 3832 3664 4364 4995 8510 906 4022 824 7682 976 6199 4550 5638 6559 657 6086 6156 7387 758 8894 8503 3195 2948 1474 5741 6436 3858 4942 6881 7921 3502 5525 4225 3050 5124 7766 7763 3446 8256 1796 1828 583 467 884 2712 7182 4857 4187 5091 5718 3681 7065 6474 5472 3008 6096 8375 7220 335 2623 8056 640 7094 8928 2002 6325 7512 4302 3469 5602 1716 5335 3003 1868 7476 3997 8297 7677 1988 2969 8037 1150 7305 1938 2858 4869 2254 2973 6445 1023 7759 5028 5147 8817 1816 565 4367 8362 5566 8445 4065 1781 369 7027 2397 1627 6485 1464 3440 1091 2393 4472 183 600 1602 6198 1979 4501 5307 3729 2802 4779 8002 3429 5528 5580 3757 131 1495 1823 2490 7249 5816 563 7199 4295 2995 6687 2511 6256 1310 4350 6671 1743 6223 6950 5534 5742 6098 1119 569 3819 4509 3673 397 4080 4397 5941 550 5384 8300 1633 943 3453 395 1642 5025 6099 6226 1126 4675 613 5430 310 4257 489 4290 7925 6167 1445 5304 8884 4518 531 889 1212 2440 5153 1365 3078 4670 4386 1431 8267 6985 8309 5836 4113 7981 7056 4784 8585 6083 3701 6441 4709 7604 8953 5551 5219 7317 873 1277 8596 8413 5223 6008 2632 1556 7567 4398 2521 843 1092 8573 2692 2367 1219 3522 3247 8217 4320 3866 6190 6 1427 2632 3161 5770 3740 907 844 1435 5331 5874 7463 7822 140 4665 7722 98 6691 6054 5261 4400 4523 5081 2905 7535 337 3726 5952 1485 8408 3876 4861 6880 4384 3887 1212 5066 2525 6002 7543 4197 2284 6543 6333 5154 3542 6399 2531 6347 3871 6536 6639 8689 8241 5115 923 1331 6027 1306 7018 793 2141 5486 5013 4830 5382 1439 7056 639 6815 3974 2371 5145 2469 2320 5462 5307 1341 3013 4367 4275 7143 5405 7166 8130 461 2566 7081 3824 7338 4537 6401 4751 8703 3868 4141 8150 678 3174 7757 952 1240 175 120 8045 5309 5658 4510 4547 5753 8520 3854 5021 991 1575 993 4694 4707 7771 3914 5713 2538 3753 936 4751 8107 7404 4706 350 4043 7330 4553 1481 8977 2750 6896 4590 2147 4597 3252 4156 3827 1197 5585 4415 5409 1612 8682 7897 1328 3625 1278 391 1637 8467 7397 2967 201 6739 487 7581 635 5738 1325 4544 6792 6054 3535 4640 4368 1298 3396 6492 2447 2062 2231 7453 5309 5668 8430 7090 5278 7470 1051 7712 802 4487 897 8411 4668 5024 4994 4682 2123 3639 4595 5237 2817 2175 1427 5981 3745 3041 293 3459 7091 8632 433 3821 3823 1017 4845 2411 3808 910 369 157 1473 2564 258 1642 3784 6379 2524 5187 2392 3103 2288 2972 7725 1472 7223 2618 3797 4227 935 3507 3836 4631 3912 3898 1059 7052 8411 4779 65 8290 3159 6203 3483 4512 6411 6767 2896 427 4692 8029 5247 1611 2974 7231 3073 6275 7359 1668 8259 7609 193 1396 5063 3580 117 6701 3813 48 7782 4948 8734 925 2840 1190 8702 5028 1691 7200 5948 4766 4315 5126 2472 5707 5630 2280 5729 4414 1531 8995 547 5590 633 5199 6278 2680 4526 4229 1094 3874 3254 1223 3857 4398 5387 1683 2628 3925 3841 8669 716 7020 291 1505 6597 5109 2869 460 1625 2694 8463 1096 2828 2163 8175 3531 2290 1926 164 7356 8422 5046 3529 5218 6317 2792 3032 645 8797 6142 3012 6445 573 8026 2249 4177 1542 1837 4718 1129 4823 1713 8661 2167 7951 6444 3669 4085 7746 2286 1321 1937 6942 1668 1951 6564 6059 2400 7032 8498 900 496 7465 3347 5962 3118 5371 2317 267 4849 5839 1485 7448 3751 8131 3091 8981 5662 845 7335 5648 5701 8544 4231 6839 203 6741 7495 627 4015 8431 8826 377 2869 396 3270 6922 3372 96 3264 5124 5166 3538 506 3462 2353 1664 7153 8196 1171 3840 65 7835 7905 2165 422 4454 8290 1054 3027 928 8699 2534 141 8349 83 409 5417 4323 2127 1656 4814 5736 4693 6058 775 6658 327 5608 4859 8093 8442 4666 371 4212 6315 8546 6391 4637 862 6689 1488 5643 481 6907 1651 4918 259 2456 8245 872 2696 2538 8163 8122 3982 1223 1600 2427 4696 2037 2350 5615 3063 3034 6895 4519 4375 1069 2177 1631 2269 555 752 2342 2899 6664 2490 636 3694 3422 1579 1106 6128 5256 4964 5569 6886 5087 8420 4992 7979 1051 5225 1160 4984 2005 4585 4857 3269 2376 3281 6479 215 6499 3002 7432 7695 182 4191 6274 7510 2836 7263 4923 7976 4345 5034 7055 6194 1758 2161 3410 6197 4067 7011 3631 3268 812 3943 6393 5152 5900 4838 4854 2993 2771 8969 3853 405 1627 7745 47 4950 5396 3212 5763 1526 4368 353 7007 525 337 122 6570 2111 5234 1397 4855 1099 1325 7539 3129 211 327 1438 8936 2074 6973 5690 8442 3541 8893 7836 7919 5907 1149 5128 7190 1571 1906 2890 64 2618 7511 851 7193 5219 8721 8533 107 3547 1590 1728 2429 4076 4905 5131 1592 1226 8402 8284 1336 7823 2190 2545 6009 8096 78 6019 5601 2638 334 7481 1615 93 4897 736 2362 1518 1018 6965 5409 6035 2996 940 5197 2408 4604 1836 4433 5397 2235 6647 6271 6762 5229 1652 2709 4646 2570 5734 5698 226 1520 8420 965 6927 4466 6948 6466 4980 579 1697 7466 3341 5637 3386 1223 5604 2715 694 3992 4120 1055 7221 3815 7082 6033 2858 1569 3516 3361 3375 4308 4869 1883 166 5636 451 1414 3967 2252 2842 4943 4370 7964 4363 714 8353 843 7034 4261 2010 1780 7525 2087 8526 3368 4241 6592 797 8883 5544 1653 1649 6563 1067 5340 3636 5366 1645 757 7585 7775 1316 7610 7373 3039 7648 5132 4671 750 3572 8816 8783 5289 3148 8432 7626 7166 8732 3450 7559 1628 1926 5757 2514 3955 1299 4594 1379 4871 1315 447 1903 6212 3641 5635 7203 1279 8569 613 3484 2706 7827 7976 407 8167 4886 3890 129 3802 8250 8939 103 4530 6269 8630 5769 5282 6072 8137 1697 3318 443 3605 8805 7047 5737 2864 2341 5015 4379 345 5481 601 5675 6600 3268 333 7987 8377 6489 4940 2997 1120 2376 3998 5242 2630 755 8232 2099 4955 2234 3325 3312 1937 6249 360 556 4869 6907 5263 3222 5391 897 3099 5199 7333 2854 5399 3821 8446 7170 313 3145 3375 8961 4655 5398 3290 4895 1500 6601 5590 8383 7725 6377 6377 6741 1828 2550 8544 4236 5492 6828 7221 4808 7754 5750 2316 1406 5421 3640 4824 4951 5251 3661 7341 1659 5577 6176 8255 7860 1206 1057 4312 1936 1564 2923 7443 94 5197 145 6036 8070 6147 809 6417 4538 2423 4414 5244 2034 3906 3288 6643 3684 3443 6959 8916 7439 8584 6366 2338 2923 5479 1397 7944 6616 342 6117 823 7436 6046 6503 5995 2074 7892 373 2262 5785 563 5018 3832 4071 3872 3728 5148 3239 1649 949 5024 8430 4178 4116 5761 8910 4570 5107 3097 3835 4302 1480 5377 6672 4313 8052 5146 2136 5837 3902 8917 4496 8463 5886 2293 7011 3493 1335 5754 7090 5933 4050 5138 1691 4318 5222 2857 1422 2804 5588 7643 2172 5605 186 4075 7021 8245 1192 8419 7017 7548 4075 1415 931 7242 553 2629 1515 451 1546 7519 5728 2247 5411 2466 7506 5701 3305 6895 7903 5629 4800 1947 3899 5631 6995 6298 6541 3445 3830 8825 2696 5329 1220 1730 2187 3619 114 1393 1466 2352 2684 5669 8719 2850 922 5293 7787 5950 5399 1020 1048 3031 3150 2694 8214 8504 4788 5355 2542 4352 7839 3634 2317 1411 3313 4947 8146 381 2578 5869 3614 1541 4952 4546 410 3833 4739 3110 1910 2192 3130 3785 7924 4834 7072 1296 5479 1265 8565 1146 8173 238 2125 6612 1190 766 3629 8085 2468 4678 8748 3129 3463 290 2146 1425 2224 5646 2462 3722 1646 4717 5477 2912 843 747 209 4249 6752 706 2445 1266 8130 6679 1040 4841 5609 2816 5617 5039 2654 4959 2401 5035 622 375 1474 2694 3895 8046 6249 3723 226 5318 2068 1708 7202 4258 2473 5016 7780 63 2668 3717 3654 1138 3729 1898 7975 4672 6319 1349 6754 8804 6816 7177 2449 7734 4444 1912 2702 6151 2938 4675 43 2476 3123 4707 4700 2978 7745 608 4475 2499 6830 4086 6064 2151 7780 5622 2673 6186 7895 1959 8122 8331 1243 2227 8176 6572 4736 4279 940 145 3399 1984 2949 3888 2743 1792 2352 1824 4409 1303 1915 4210 5406 2423 1456 3791 2049 2930 8727 1661 5391 2220 5134 5783 6966 8356 7489 3254 4390 5402 7041 3579 1473 5023 8429 2700 152 252 5187 6839 8118 6161 1397 8786 6231 4655 4005 550 5893 6943 2142 3617 8677 124 5535 2707 1943 2989 5002 1127 8033 3528 4921 2302 6740 2953 3189 7039 2926 6784 3841 5368 5963 6267 1854 4562 1021 1350 2665 4933 3641 4097 4800 1022 1800 2069 1556 1779 5463 6343 2261 514 4177 8549 6572 7763 7807 3959 4338 7245 5762 486 2963 1355 70 203 1676 1323 2085 486 5468 6805 1125 8856 2034 4298 4872 8096 7032 2447 8959 3657 6738 2661 1218 2759 1298 3008 728 1779 1440 345 2711 5576 8282 3814 8302 8105 8419 69 5613 6913 988 390 5149 3939 8875 8606 649 2884 1580 7814 190 4959 4833 5086 1145 3861 713 3152 5589 882 5459 7349 1238 8965 6068 4880 4493 6127 2091 2015 3917 419 3349 2986 1548 3327 7747 3560 4010 759 1893 8760 1362 4008 3638 6936 7827 5199 5978 3906 1680 288 3051 7710 8869 915 8141 8232 5215 1687 2106 8591 6662 2669 6513 4192 7365 3318 7538 6699 8657 8979 5917 3053 7944 3880 1413 394 6489 2757 7797 8579 4561 6514 1564 8102 4777 6390 6159 673 2835 6465 3566 911 4162 1968 3693 495 3908 1939 8297 4828 470 4678 8728 3 7376 2909 5577 8805 5477 928 1186 7547 525 2629 8514 6413 3493 8697 32 1075 400 5450 7503 2074 4794 4030 3944 5692 3696 4008 7000 3679 7159 1105 2127 4281 5368 6926 7538 4249 2784 3509 3474 5256 607 6196 7105 743 194 2081 2276 6380 6988 134 2876 8388 3345 1737 2631 8406 4040 3129 3316 5963 4312 3738 2050 4389 6074 842 2808 7265 5465 5411 3534 4042 1341 8098 1941 1648 8121 4665 187 8888 5646 5265 2576 1613 2961 320 135 4862 3934 6166 2847 3074 2876 872 8921 8665 4202 1537 3652 5839 1224 242 3549 3016 5999 944 2852 5130 3159 3741 843 2732 927 8907 7419 5493 2903 3711 3678 2116 5163 6243 5588 1387 6680 738 2999 274 7676 8205 1969 2935 883 8728 6779 2415 824 5372 5063 934 4845 4715 2690 5119 4122 4092 2913 8687 7555 3716 6792 5821 1487 35 4524 1730 4144 7739 4860 221 7387 3771 4586 4971 8150 2759 6733 4310 5093 6334 3258 3497 12 5926 6663 1611 8783 7935 7499 2602 5889 3786 2260 8700 2404 6480 5746 7672 337 5858 4091 6870 3493 7479 8787 578 8791 8343 528 6837 3051 8513 7756 3701 6908 2591 2536 842 6908 3277 7012 5859 3527 1011 1236 2070 6148 3773 1856 5703 8684 1546 6124 8885 8657 1066 6256 8839 1989 5184 5063 968 1156 8618 7096 938 660 7336 5630 1042 5529 6753 4747 7766 5445 3419 1890 320 2217 3897 1804 530 5961 7130 2698 2531 510 3296 2898 4047 1044 3336 5542 35 2188 3670 7984 1994 1462 5189 2811 5510 3646 16 928 3608 3740 1148 3468 4199 2323 7624 1050 8605 6832 8049 8570 672 8426 481 2254 5718 3849 5789 3721 1205 8078 4663 5050 926 6917 8293 5785 1376 529 7514 7471 6888 1390 7508 1231 1523 438 5221 8164 2297 7313 3206 336 3237 8039 7669 1558 3341 1176 171 5665 945 2313 8140 7859 7479 4984 489 7510 3899 5418 7183 6925 5027 1438 5685 6283 2473 3040 2744 6696 8196 5306 7089 1377 8752 2958 7455 734 5330 1157 6993 510 88 8596 8432 1660 2081 978 7498 4548 639 4054 1752 5063 8724 4866 5272 7034 5001 8578 7272 4838 1630 1303 118 3379 8578 296 4698 5640 8077 4805 6931 416 7062 122 1599 4639 6437 2098 6915 7481 2228 4391 3974 2058 5830 484 3033 5914 7481 4236 8908 1236 618 3445 7126 8108 4907 4902 2043 4290 4953 254 1304 613 2597 7597 7790 2375 4642 5897 8508 961 8184 8174 622 3303 4943 3456 4844 8957 8297 7706 5249 464 5393 1225 4813 1107 1765 7125 3161 5398 5017 8464 3076 644 2024 8693 7111 6908 1534 2810 3448 955 2566 119 6498 2827 3346 3831 3752 3449 3724 4174 8977 7261 7399 4732 8531 2471 1775 7288 4451 5602 8542 6570 6613 7597 7034 2585 1226 5969 7934 3868 1022 1446 4034 5157 1422 3115 1067 2539 4446 7281 1575 6805 1735 2056 4770 4697 2794 3129 6157 215 8396 1705 7015 4536 5689 104 620 954 1822 2924 5346 3980 216 19 2839 2772 8716 1052 8054 3103 2019 7359 7557 2026 1489 7212 4149 2739 1763 4794 6434 7998 6972 7970 1139 8445 5719 2877 376 7449 3609 6362 8961 3178 128 5043 70 4367 3776 4510 4234 1931 3208 3902 6147 7475 931 6014 7333 538 4240 7725 1727 6170 2179 2818 4070 5025 8997 6407 7727 2221 8795 7035 3243 6612 2497 5432 1882 2901 2971 4231 2516 547 8393 7203 6715 1819 2073 5679 6630 4186 8432 4256 7756 61 2808 6605 2173 4836 1748 8023 4693 1690 1899 1622 578 788 5234 3410 4026 7781 4984 8414 4495 6306 5118 8100 8937 3934 8657 1352 1032 4367 2950 3267 6070 2446 7142 608 5799 2316 6316 4309 2130 5954 1941 1733 7802 4331 5655 5513 6618 7442 1227 4185 2977 733 4813 4978 2082 2726 6739 8870 7748 8411 3522 8949 1290 8363 2253 4805 4979 8556 1974 4452 6963 2432 1963 3670 7495 1749 1188 4587 3310 3525 7197 2602 5753 3951 3542 3770 7492 3546 7875 2470 2436 8240 810 273 2396 7354 2 3332 7965 1939 4111 1420 6709 1463 7560 7133 6923 1378 198 4259 1118 6944 1590 2648 6767 8433 8311 2481 2630 8775 3405 845 8500 895 6116 8053 2203 7932 7511 1018 5218 3797 3050 4729 5487 7180 8055 2279 1331 3730 4692 231 8891 2579 5187 235 2000 8539 8232 3429 6739 529 1168 1619 5262 6539 6383 5115 1827 877 157 2860 5420 5281 7227 3733 3484 6684 5326 3196 7417 6143 2023 1517 7072 2579 7024 2970 595 6981 6591 1711 6713 1136 3554 2577 5027 2213 5963 3894 3514 2415 7639 4308 2699 2666 3248 5039 5247 2817 5513 2899 325 2073 4538 912 2411 2066 3635 3856 8671 2593 3553 2501 987 8718 4975 963 5549 3556 6083 7075 5574 1327 1618 7450 6165 6344 4126 857 8862 7690 6774 3566 419 8100 1639 4521 8549 8664 4107 4355 5560 1857 7685 3754 7831 1838 7340 655 7326 1084 4142 417 2389 2843 2311 1592 1376 1591 8223 3181 1307 1615 1825 1069 3804 6684 8428 1524 3134 731 548 6093 4283 2316 5728 7737 1636 1094 3875 4989 2777 5202 180 6759 4230 6690 722 8973 7579 3275 362 1314 8101 1177 6346 6207 7507 6639 6647 4118 238 8368 7329 1153 2606 5925 2532 8789 1102 1053 1773 7757 5068 8374 2643 5715 3377 1334 1114 1227 7528 1148 7247 4342 1883 5931 6097 5474 5535 7139 4446 1105 4940 2170 3842 6254 1744 8232 4888 8798 8761 3023 2071 3623 4517 7476 7855 2449 8005 8274 6247 6684 2899 2315 1691 6951 8605 6697 6572 995 7580 6002 1086 7541 5446 1242 3270 7335 596 6665 1693 2430 4501 2809 5010 1472 5719 4506 8308 3201 1116 2447 6959 2365 1346 3531 3445 3084 7808 1033 7816 5887 4843 6873 3530 315 6561 1891 8289 8499 808 3775 5019 196 286 2957 2146 1353 1954 817 2374 3753 1021 7300 4822 1457 1740 4141 4665 5758 7870 5471 5132 3896 1684 3046 4086 5636 3390 6458 3892 5013 7476 7939 2578 2150 4144 513 7296 6009 7952 6115 8361 967 154 1537 2431 5073 6402 2845 6619 2064 3529 4044 3850 1993 1968 1935 234 723 7641 3489 3804 3838 7909 1707 5254 4361 3995 8262 5063 343 8423 4990 8685 5718 2490 842 168 4783 8867 226 3511 2110 1065 2285 4557 1549 1485 4544 3628 5637 2613 5566 7303 5628 5105 6227 3512 6506 2533 721 8785 2191 3761 8388 3171 2958 894 3162 8442 4558 6122 4519 7658 1610 7881 231 8159 4097 7767 1523 8029 6221 3677 2473 8925 2198 4803 5994 3813 1040 3578 4152 1877 1844 6109 2139 52 8950 3005 4888 2680 2062 1131 250 546 7766 448 5362 8290 4156 8030 4118 3370 7393 3566 2265 4229 294 1431 8628 7671 5969 1256 77 5488 1992 7291 1663 1201 5736 2118 8442 7576 886 3549 3364 4835 1144 2074 953 5375 2881 4474 1688 229 3614 6551 8204 2037 3591 4394 2394 3064 1132 8818 1230 2553 2254 5112 8794 2131 201 6305 4981 605 4786 4533 4685 4764 6569 4426 7252 862 7357 5983 3481 6060 132 2557 2580 2485 6218 2785 8387 1848 7391 2816 2609 4032 7471 7300 4189 292 1010 994 1403 5273 7975 2638 867 1275 7465 4944 6243 2987 357 419 5861 12 5796 8523 1424 7441 5705 3203 1344 521 1679 168 2714 3909 5354 3088 628 2247 3138 453 2342 7576 4828 1689 8446 3715 1276 1491 4649 3716 117 8627 4550 588 7472 3274 1208 7562 5512 7408 3601 7223 4477 2330 4253 6191 6836 3165 3773 8199 107 5306 3697 6063 4651 3197 4077 3544 4521 938 458 7571 7740 7369 3623 4461 5335 6708 3730 3526 8553 1899 3370 5025 4577 8648 6966 6910 5014 6903 6406 5521 7750 3955 5576 6073 4677 6362 5535 627 5263 4814 1632 4620 8314 3154 38 7705 3876 4552 6702 6038 3145 3630 8752 4116 7317 5535 35 3121 7913 7415 3900 7996 1207 6455 8352 5677 1597 888 2950 2 8113 5655 4868 2141 2564 3413 1640 3277 6126 2368 1630 8826 7295 6003 6670 5088 4343 5711 2440 5139 5014 7740 8275 2516 8171 7403 4372 729 7737 1169 3100 3583 756 2888 1366 1252 2910 319 4098 1537 1430 4316 2231 6641 5704 8400 700 7941 614 5021 1366 3067 4671 4659 3905 4910 6638 8991 4250 2879 7879 1283 3827 452 5426 6777 593 4804 8990 1026 4964 3252 7208 1620 7721 4258 4472 1417 2770 6314 2871 1140 5501 6032 4988 4169 1524 6648 154 6244 4807 6794 1733 581 7382 1044 1132 8885 1459 7672 6549 2081 441 8596 894 4635 8584 1712 3393 3575 2929 2255 3458 52 34 420 4938 4189 1509 8312 2341 7550 5659 2402 3940 2572 3137 8019 6495 5138 3140 2518 1317 2065 1556 5618 2767 2489 5274 2593 1715 5900 5343 3689 6207 8863 7130 3171 2952 2143 1066 184 1601 2599 4865 1894 8067 7745 4292 6857 146 8061 5077 1029 8193 6957 3221 8775 2118 199 2457 8981 2091 2869 4534 8238 6318 6984 7451 5955 3391 5382 5049 5425 5411 3445 3989 8776 7846 7800 1457 2973 1033 5716 5157 6917 6234 1002 5467 4929 4080 2090 1120 2748 4096 7883 2675 2108 7246 8423 6399 758 4306 230 8666 2306 8266 3444 4857 1281 5465 3656 2598 6955 8645 2057 1532 1149 955 5375 7680 4820 803 2080 1404 6025 1002 6849 4526 444 4518 4551 640 5063 7149 233 3244 6329 8263 314 4506 6202 3278 6155 3509 5735 2313 3579 1621 7487 7040 5458 5364 6359 2805 4921 3005 2729 4244 7124 5205 3030 3738 1513 52 1374 7065 4383 6467 6812 5282 2607 237 584 564 4406 1157 2948 2384 3134 8051 3181 3331 1618 1675 6861 5092 4964 6595 4805 6713 4754 7475 55 3292 108 2542 2753 1890 2886 4431 4011 985 2707 1857 1738 5064 6445 4104 5577 46 1175 3183 7569 893 906 5592 3756 3745 1626 4817 7219 1465 7526 4456 5586 109 3678 7693 5986 7627 4168 4528 6587 639 7065 5376 287 7386 2521 2263 7773 3739 6460 2415 3186 8430 4117 4214 5409 4922 5159 8582 195 2956 2915 3387 2862 6964 5158 2416 2417 1204 7866 564 2078 2290 5260 1308 824 122 6863 5436 5624 4270 5103 7348 5651 7097 3967 1289 8060 7560 8939 2771 1986 6391 2375 1864 1526 5640 5082 5537 5646 7245 2303 6229 1193 2 4173 7435 5022 6271 7619 1538 5037 3937 6293 5086 2077 5218 8153 8920 7357 2672 8882 5298 1628 2082 2809 8364 5571 238 52 2673 64 2298 5549 8275 5755 6210 285 6508 7283 3281 1449 4846 4148 2168 8811 4236 7602 1571 6585 2564 1588 4289 8502 8756 7185 3562 4574 3719 5454 1696 33 4183 1320 8080 592 1099 1519 2361 907 2782 3034 2241 3934 7750 1204 4117 4274 5376 8151 7336 7390 7799 6451 8809 909 8532 3976 3295 5003 883 7213 4733 5293 6632 8087 3997 2696 7988 3884 6982 6186 1484 6022 7223 632 4527 332 541 4130 352 6144 382 4144 1320 4280 353 4813 986 5349 2904 4881 8929 3353 86 2461 6851 7827 5621 1751 813 3890 7615 97 2345 4721 5169 1083 4280 1828 4507 3662 8982 4320 3748 2875 945 3820 5180 2225 7218 4437 945 5208 6045 7728 2625 1234 5173 1258 6744 7686 1570 7454 4404 6982 2122 6631 3009 6748 8291 2157 1337 2512 583 7147 3924 3354 8374 7455 3795 753 3588 7633 4429 3963 2545 3359 5944 908 2903 8130 7795 4350 1371 1192 5752 5481 2490 4801 5309 3830 5663 3664 3718 8628 5215 4646 2331 3039 894 7976 4782 3370 906 1118 2 47 4858 8676 766 2612 8086 4206 2893 6043 2212 5306 2422 5602 4685 8782 7089 3221 2859 8805 2357 1552 2433 98 7027 8601 5919 815 3035 6584 540 5570 3296 7342 4005 6219 1545 304 7794 8048 1089 2810 5446 8460 5673 7653 1912 7906 3535 7027 1753 6500 1270 7664 8772 1043 1051 3163 7741 2047 7465 8033 2298 5982 3815 705 7656 7467 1863 4545 5545 6469 5123 6145 8544 8430 3362 7304 6351 1533 1525 5332 6810 3782 3021 3700 5025 6339 6847 2827 8009 2681 3585 1419 3731 1313 2048 921 4833 2773 3554 3958 1887 8546 5666 3994 2567 5636 3132 7824 6683 8047 8102 673 3847 1327 8010 4940 5729 1807 7784 5912 4491 309 5694 283 2652 2371 5119 1277 1918 5662 3766 7005 7341 8908 5788 2516 991 8904 7933 2782 855 5088 5999 4800 4335 1744 6894 4023 2626 6355 7924 8419 75 225 5397 7759 376 4399 4844 4986 3937 8536 720 5269 3165 6443 4778 2324 1880 5227 1263 2349 24 4090 1881 150 7566 5228 2929 1187 8255 4616 8258 3332 2768 7127 5083 1811 2429 2249 7969 3239 6273 3201 182 1875 1118 4298 5329 6772 8420 8716 3697 6291 3375 8505 8340 4668 8247 4200 1158 7501 3359 2780 6706 5085 1932 2061 4981 4008 2365 7978 2696 8677 6899 2109 6468 4310 1698 5939 3823 7899 1913 8412 1587 7207 2775 2284 2129 4457 3674 6666 5167 6338 4953 8767 1350 1325 3578 4011 7100 2452 1183 3722 7628 7157 2436 4879 1199 3891 5667 1795 2573 1198 1549 2472 3599 2762 7648 2458 4464 6362 5267 7803 1616 199 1493 3810 1967 3681 4778 1834 5524 1138 5913 3586 2293 8515 1096 2244 548 243 3233 616 818 6141 5342 3223 1472 3988 4627 4024 719 8446 2559 7957 2715 5652 2228 6172 3025 3466 7017 1090 8356 3365 3319 3989 4916 2271 6506 4873 522 5644 5397 645 3727 647 953 4398 965 3215 1848 8769 200 6455 8209 7589 4452 8334 8385 8842 2393 1209 7898 8157 301 7793 8143 5612 6884 5166 1113 2309 5387 2146 369 3677 4396 1383 2400 8843 5674 2904 5183 4030 140 2116 3988 3328 6420 4006 922 5128 6396 6655 7617 6876 1319 149 8389 1158 4805 3914 8491 4741 8241 6399 6863 4238 4380 2171 4349 3336 8741 1581 242 5877 6231 607 7029 3448 7466 5735 303 4833 3523 5997 2488 8202 4737 7234 7800 2355 5157 4154 90 6289 733 6650 5326 2937 6103 8579 7292 7537 5090 6077 3136 6932 3796 848 343 862 1038 7186 6729 3313 2956 6174 5475 4496 6368 2966 2091 3954 1642 2032 724 4424 5823 7744 6710 2113 4976 2620 7840 4509 5487 3114 713 839 4620 155 2303 5890 3605 3854 135 6654 1805 6046 8366 2290 8869 5575 5244 4967 6125 381 1083 7551 13 1594 1701 5128 3043 8294 1251 3723 4477 5718 4560 6742 8413 6880 394 1257 8944 7834 8963 3259 580 1453 1596 2463 1204 1649 5213 7958 6163 2249 3453 2952 3357 8946 5727 4133 4338 2282 143 8291 914 1746 5292 2332 2813 763 5226 8332 6143 3522 5386 3792 8250 6449 1961 1358 1120 4080 8219 4984 1711 8370 8764 1081 978 7378 1713 4538 4763 3246 1719 198 6968 4655 7440 2327 8390 2824 5525 6123 3365 207 7554 8410 471 2538 7606 7669 3676 3123 6690 3894 1186 984 5773 267 3549 2593 6325 3071 5440 535 1833 5138 6349 8497 2859 1939 874 8001 4138 3281 4792 3953 411 8588 1305 7443 6326 2492 1768 8864 8086 7794 930 5023 2418 4011 2288 6074 3727 4662 1894 7476 1458 1379 8317 3392 8850 5700 455 2446 6502 1393 3442 712 3345 3295 7269 6332 742 4861 5545 6223 6074 5343 3213 626 930 3691 7488 3423 293 2320 7107 7376 4157 1895 1970 2531 1211 5102 485 5295 4468 2157 6353 5979 3245 7292 276 5119 3656 4393 8233 8953 3587 1696 4705 1626 4721 2327 4222 81 5195 5553 1455 2462 614 4298 8425 7995 4247 960 246 6364 4711 6679 400 3607 8502 3594 937 1642 7397 7405 4130 5637 4533 3031 4062 6594 5024 4873 5642 3319 4807 6889 779 6710 3924 6314 8107 6400 7232 7348 1711 1453 3556 704 1244 3050 7245 9 2317 5481 8003 4853 7320 4696 4084 1079 812 5319 3960 1632 8678 7476 1245 2410 3080 4776 3480 7606 6280 964 8706 124 7018 7811 8918 7915 7617 4062 102 8604 4118 136 4809 8338 3428 908 1621 4066 8704 6510 8768 5372 2335 2252 125 7933 49 8535 7853 1473 7465 5739 8184 7646 2997 6902 3596 7105 2032 4998 6679 3229 8734 7854 4799 5101 2922 3122 8320 3242 2412 3622 4807 8442 1167 418 1567 6820 1547 8839 1202 1864 5019 3132 5446 2055 3643 4169 2508 6710 4082 2806 1842 1236 12 330 7840 3026 3287 7254 1036 5645 8251 8324 554 5127 2802 4341 3424 4697 2123 8992 8809 7363 5609 5097 4481 7287 4407 212 1929 8102 4901 5272 6435 2290 4443 241 1623 6166 8845 1345 7656 4573 517 2968 1315 1356 4119 3455 1290 4979 5493 3512 1308 3725 2922 3472 543 767 7377 907 3250 3763 3171 4009 8799 4553 5496 4185 8494 8981 1937 2979 8802 111 7675 6128 1335 5699 5603 6322 6494 6339 61 2605 1983 3822 6484 1640 4624 8477 7624 812 3984 349 1886 1468 7252 1444 5514 5736 5145 277 7746 628 834 5607 1817 6351 7158 8129 6282 277 6866 8473 3931 4455 708 1222 598 1578 7453 4126 1091 6938 6762 7157 5113 7695 6139 4703 6298 4451 393 329 8231 6539 4852 5193 7795 4637 2737 4499 6970 6550 2741 8867 2601 989 7242 1842 3414 625 24 3507 3709 8509 7101 121 700 1802 1780 6561 3339 3337 4941 8993 7665 7085 6217 5262 3088 5437 4858 7362 553 6432 7660 3500 2263 530 6931 7771 5329 1189 7779 6144 2042 729 6341 5353 2044 738 3704 3511 1295 6324 2548 3585 5631 8474 3502 995 7110 1180 4477 8852 2229 4288 5195 6672 6038 1905 1774 2500 3582 1745 4949 3583 111 3491 4473 835 2380 4575 2996 4599 1749 1374 1917 4011 6024 3978 4546 4072 2725 5748 4852 8804 7741 3080 6890 1644 1738 4159 2122 8168 5486 5133 212 8924 2103 900 842 3197 3195 6927 7190 5128 3216 5084 2814 1875 5518 236 159 5954 3204 6236 1416 7167 5613 4364 790 4764 4343 4023 5447 4550 2842 1258 8280 6760 129 6805 5678 7235 6346 3 3551 1427 1137 84 3652 6891 1863 8952 5184 1661 6507 2188 4429 59 210 2532 6154 7106 4521 1676 8575 1065 5821 2387 5594 6476 3763 3212 4798 1388 704 4139 144 8849 8410 163 2199 3711 357 1898 5904 5941 4285 4896 4800 1005 6681 6043 28 6536 2106 5810 1214 67 2610 2092 8811 478 7975 7639 672 3738 3926 445 948 4533 5333 1323 4578 7333 4842 5975 6873 1093 6356 6043 8262 2407 5245 715 5436 7704 2862 8034 2669 4024 471 1542 1378 3433 1426 8284 1593 4772 7034 1395 6265 116 5134 8078 6562 1221 2234 8148 7142 3916 1464 5111 6962 8308 1668 7677 4608 4759 3006 173 650 43 1978 6268 4425 4031 8946 2564 2268 854 304 5824 74 5022 5730 2094 6511 2422 1762 454 6738 7758 8050 3215 4638 921 3502 4176 570 7638 7925 3798 3463 932 5719 6340 2639 279 816 348 8994 5048 5324 6103 2627 2697 1970 1257 4672 2917 2908 6292 3424 1225 8712 974 6912 1103 3898 6004 3793 6063 8398 8637 4002 8084 8125 1952 6154 7387 1487 5246 6188 1001 5518 4733 1670 1379 394 4958 3882 567 5520 5890 993 4188 6748 2462 3994 2116 4263 3076 3775 6255 6196 3923 5339 3588 4171 1607 1600 1643 8572 3788 1385 1296 1566 3519 3927 2035 1943 4512 5625 928 5465 5783 7450 4065 5614 6200 5983 3099 7077 5142 5756 3221 722 6815 1606 2413 2142 5929 2878 2836 6903 6489 7244 5687 6751 8625 1620 2712 1248 3683 1742 1380 2919 1395 1530 1537 8228 7689 1091 2596 3659 3254 1179 1992 8840 1212 6823 7405 3108 84 1097 4775 5948 2838 8772 2509 3371 1049 2713 6426 7871 8980 7192 3765 8135 8692 7242 7308 2903 5880 655 4324 5819 5063 5523 8624 2571 7232 6655 2108 210 6365 5630 4821 2399 1249 7629 5801 7568 6095 6431 1742 3828 3361 288 4273 380 6234 1326 6105 7650 8943 3128 8875 1969 1345 8235 6431 4871 4146 1592 6182 3139 1364 5589 2068 2817 7115 2299 5240 4496 5189 7211 2018 4775 3471 2995 3557 1766 3943 6499 4916 1402 1493 556 1483 303 6651 5503 281 8621 266 3011 5924 4657 5278 56 2397 3514 4806 4683 5381 7388 8592 2988 1104 7821 7464 1335 3091 181 5283 742 8516 1790 4365 7396 2790 6855 6422 8543 2537 6160 2294 408 1805 2545 894 6384 6243 7436 3381 8738 6950 3549 2105 4202 8639 1239 5414 512 3049 2591 2607 8010 1468 8607 2605 2167 2607 3146 6641 3252 8586 2226 1677 632 2701 1425 5601 3657 6769 2221 8878 600 4316 6541
1385 1030
2519 8764 5613 2552 3010 5508 3042 7522 2832 573 2713 3801 8859 3831 8649 5321 8366 4251 8079 3418 8602 4462 6560 1467 3929 2674 1254 2470 3486 760 823 5150 198 3523 7564 2367 5901 7224 8373 707 5691 4104 4929 6820 7638 8053 6623 4414 2546 7595 7609 4619 6665 7607 3588 4610 1229 5056 1743 4958 6643 7683 850 2210 2858 6342 4517 5753 4349 3871 8155 4026 6679 4013 1417 4396 5681 3794 2334 2696 6879 7780 4597 5915 4693 7880 4807 5914 3905 5790 2970 4500 1312 3033 455 5129 6232 7973 2877 6331 5858 8130 5310 2144 927 5098 5086 4525 131 1347 5862 6544 317 8787 6821 1162 6658 6617 2170 2415 217 1464 8595 1948 6487 5378 8659 4031 7079 5095 2796 2134 2574 7459 1354 3762 8356 4031 6001 4854 3009 3787 4643 1359 3897 5761 1036 4808 4407 3697 994 6181 2507 2890 5909 3977 5272 1593 3551 7307 6417 317 7874 261 4049 5158 2872 1255 4905 2704 8498 5617 4503 499 2713 521 6911 8775 4454 6892 1432 6547 132 720 4319 6276 2238 6912 4650 1574 6821 8851 3051 7943 3925 8984 4477 545 283 4562 1013 6407 5602 5699 3210 8944 6647 8674 6149 6829 1731 1862 629 5668 5331 5106 2748 4759 69 666 4537 4053 5989 3526 47 6435 3980 3165 3222 5541 602 827 4201 1889 2787 3338 1075 3361 6147 7668 1952 617 1506 7998 4302 2342 3640 1556 7445 6407 7865 4042 4257 544 8407 7702 4025 3952 757 5261 5525 4318 441 7698 3189 6300 2506 5131 4506 1540 1746 6621 4688 5764 6868 6222 5158 7928 1940 1381 6024 741 7305 8191 6481 7404 7791 2717 8569 3052 4481 6137 7033 5890 4717 4559 7545 241 4901 1553 2023 6874 8048 6626 5216 2053 3119 581 1784 8565 5713 8570 4417 7686 1518 6152 3580 1001 393 2943 7579 8280 2533 5017 6037 3052 7943 4531 8035 485 3854 3675 2791 7241 2250 37 3715 2201 2779 945 4409 6231 4268 3610 7053 4856 8615 5081 2802 3784 1597 8959 1746 1283 8805 3712 3465 7674 5758 473 1512 2728 5700 8978 6379 3126 5152 7187 2094 378 7053 3598 7194 7923 6753 3261 3910 2795 5153 5727 5038 3981 4850 6843 5727 4229 2108 2684 2186 6407 2814 275 7086 2125 8694 6004 5289 2559 4087 6905 5814 3156 7653 7414 4414 476 2908 7250 7230 5740 1378 4956 1583 5659 5432 4179 4259 1622 3234 4985 5177 1740 7415 1269 595 465 7366 2474 1846 587 8048 2759 3360 1798 449 4150 1282 2744 2309 807 6510 6562 3811 4050 1139 2431 6224 522 1811 3720 6190 3314 57 1184 169 6821 5729 7996 401 6170 5367 1626 1565 1822 2948 5027 7822 2920 6355 7654 7364 373 7039 3355 2598 4349 285 1930 2936 4694 6404 414 5197 1961 148 1086 5286 6500 6139 1655 760 5522 7985 6110 7002 3135 876 7669 4835 3191 3128 3443 7548 3946 6127 5905 7922 2608 773 6389 2113 5252 3317 2291 1164 3866 7354 2809 1272 8146 1265 1020 5028 3080 3773 7252 2847 6008 936 65 238 8845 1500 662 2463 2202 2110 6869 3888 4644 3756 5062 8897 3962 2621 1391 977 3030 4275 8795 3767 2569 6339 3886 2829 749 7443 1870 367 1722 2181 431 8058 2587 2484 5877 3252 851 3348 887 5054 8450 4741 3038 731 5387 7116 5392 5976 3628 629 4557 3237 4612 4848 8214 2710 8790 2877 6567 5481 8826 3980 8436 1471 8246 3264 2257 7418 811 4458 769 1719 8844 6930 7193 4425 297 7681 3428 2239 6667 8067 1862 4222 558 2539 5654 1197 107 4307 486 2881 8312 1667 5912 1406 6530 429 4990 2060 27 6848 4721 5636 8296 1403 1708 382 962 5929 8562 7009 6033 2351 7084 7327 726 2245 3497 4736 4203 899 8851 5391 7730 5660 4388 8473 4504 5446 6573 584 655 3947 3932 5003 6098 2414 5315 4310 2629 1260 7019 1030 6497 3652 1373 2046 1638 231 2017 1283 4223 4990 4662 662 7312 4343 3318 2259 2118 2187 578 8521 5119 5683 2703 6239 5958 562 5054 6043 3336 8863 5720 7737 657 1310 6196 7419 85 4612 1650 243 7141 2736 7000 2653 4319 4414 2321 1809 1913 6696 362 3704 4575 1061 847 1208 8409 8911 1275 6955 2801 6419 2746 5778 3525 2779 2324 1840 8595 3994 6236 5475 3813 5286 6487 2682 2750 7836 474 8378 5074 4893 2353 1800 156 2057 2282 2524 394 2107 7641 3782 6775 5402 1405 4252 8937 5210 8315 4777 1432 246 1068 518 1744 3373 1294 2901 4340 8589 251 5435 6382 6576 4762 4840 8026 6197 7151 5718 4925 4263 3594 855 3979 6072 5870 6002 376 104 7799 1527 1363 4553 1133 1191 8504 1901 8667 4059 8564 1683 3588 6903 5734 5478 3640 7683 6789 6265 3522 64 4418 4310 5653 1813 1402 1418 4303 2556 8920 2133 6716 8752 1893 301 1055 465 68 8415 2630 2973 3629 4385 3578 8918 4911 6973 3290 4496 8083 1835 4099 2764 7650 1406 1881 2417 1240 2750 3736 6895 1290 1610 3791 3178 6497 723 677 6293 10 2865 3287 7294 5014 1514 2484 7831 1815 1078 8384 2806 3280 2508 2338 286 4750 3825 2655 6733 2722 7634 952 1976 803 3018 7823 8370 3446 8548 8 5605 3547 3845 2286 2032 5403 6621 4552 208 5939 1685 8082 5501 2729 7374 1564 4495 5732 7716 2130 2661 6046 5661 2603 3740 8893 5190 8154 1482 3927 3761 4984 4255 5961 8119 7821 1740 3510 3336 134 4069 1657 3388 4147 6482 2279 1080 1325 2997 1966 2161 1302 462 3385 2918 36 5280 1875 2420 1674 744 6452 5903 3704 1840 6943 3561 2160 860 8026 7261 8572 1642 5465 892 125 66 4513 5296 7802 1615 2175 123 2950 3230 5179 5808 2055 2436 423 1355 4350 7510 2208 243 7491 4644 2307 1220 5354 2136 1608 1542 4365 5612 2978 544 637 1113 49 4185 5400 6387 1496 4972 1924 1126 7367 6993 6096 6029 95 4807 6929 1904 6418 5137 4066 3693 8456 19 5765 6913 8951 3123 1418 4405 6165 4863 3086 8314 8184 3466 5685 3036 4128 1477 7098 4146 6864 3397 2585 796 2272 233 6996 1184 2509 2135 8315 8937 7675 6584 1829 3599 1716 3671 853 5368 5115 4243 183 6720 240 880 2390 4500 3917 1529 3941 8646 7319 1964 815 1225 514 4733 1390 3199 6942 8403 1108 6067 5373 7118 2763 2970 3307 7409 3960 7066 801 13 1189 4453 8285 1663 3468 5226 5593 3476 4183 1285 3649 4196 6304 7249 678 4573 8557 5106 4382 7542 3423 2228 545 4530 861 6102 7861 1583 5719 7568 5787 5853 965 8232 4881 8841 8743 1289 4950 3252 5153 2616 744 1083 6732 7490 800 900 3718 2656 3529 7235 7989 2248 5604 1840 2433 2960 782 4701 7744 3340 4285 7141 98 2843 2803 1988 5260 8804 7956 1963 198 6201 1231 2647 4708 2312 7268 31 2410 2434 5762 4661 5168 1466 2782 1473 8394 1525 1214 6055 7874 5119 1096 1600 5308 7670 2854 1651 3993 8801 5171 120 7508 3489 4766 7692 5532 7767 5298 2630 3950 624 8780 551 6015 5140 3201 2026 6673 4429 5507 8200 873 798 6144 6896 4567 4693 6813 1689 7080 531 7747 3404 5284 2 3687 7047 8907 6650 2516 1589 2259 4241 6199 602 3751 6510 5099 4737 4277 4608 3805 2476 5438 8016 997 7327 8158 2199 5191 223 1351 7224 4245 6081 8807 3095 7889 8039 4989 6442 2673 8623 8511 4132 3433 4358 5818 2264 6072 1955 6760 67 2698 2487 7660 8626 3289 2076 6202 597 6770 2162 801 4791 586 1114 4902 6480 7712 3545 4631 74 577 1377 4718 1978 6865 4091 8290 7307 2360 2731 217 7939 40 1622 2089 166 4827 1257 8605 8605 6538 5144 881 5365 2042 2112 8470 6413 5997 5467 1553 1223 6979 7671 1675 7058 2617 5336 937 758 5034 7229 7826 5421 6190 765 7206 4157 3248 6098 50 6532 5513 3889 3679 3289 1006 4086 191 3508 5854 2966 6228 3250 5692 1434 2252 6717 7312 4943
