100
5
2 4 2 3 3
3
5 5 5
4
5 5 5 4
6
10 10 10 1 10 10
19
9015 8079 19732 26059 23809 962 14594 28840 1979 31710 22796 9134 12406 19074 26597 1817 21906 28507 13842
4
9172 16364 28572 13462
89
32142 27144 10140 5385 3253 3720 5237 20142 12662 13427 19057 2247 30022 32755 23390 21241 6661 6398 18092 2309 15931 20103 24527 12192 5793 31221 29669 4991 24803 14036 29337 24241 29604 17098 7751 6193 4034 6605 1889 16828 22236 8852 22289 2016 2834 32587 11551 14422 31756 22155 5398 29329 17726 10377 22178 18071 16746 1166 9533 13840 22374 12967 29450 19356 1055 9629 27393 15466 17886 18727 22093 18439 19658 95 28914 19059 5295 26739 29107 13434 19453 13213 18739 24129 11284 12373 23642 26656 9918
78
15866 7599 3325 18045 11187 3876 4872 1640 21012 21724 21904 18686 7170 12599 17479 23228 4446 1193 5539 20689 2274 18446 10207 30235 12620 318 29508 1105 13759 26082 29094 32130 358 8326 7985 14782 26202 27631 30822 32019 11206 30894 6496 10683 18249 20725 25180 25235 17819 11946 17784 12751 9844 30650 8635 2028 12201 21680 20310 9959 31640 5510 16681 19885 18119 22714 24457 14290 16584 10405 65 17797 25696 777 8150 24516 6888 32489
1
27852
19
1181 4021 26836 21040 19493 16280 30458 14994 5566 10450 32382 6831 20659 10320 10286 31078 9334 21390 20513
62
4079 27297 16296 31785 4884 11131 17282 11687 5818 27243 29263 683 1706 5091 14151 26591 20984 31614 29996 23631 17808 7233 21885 21450 29970 11810 6125 6283 9696 13510 30228 28697 28789 27535 28515 1899 3064 13014 4445 27216 30736 25205 4100 2574 30971 9609 17042 5961 6618 17270 22634 13095 10575 31275 23118 15282 25674 19879 19410 14206 17184 28859
74
9355 7390 11026 31902 11884 5340 24688 27070 4009 1685 7479 1748 8803 25525 19503 5148 25654 14452 31110 6812 29028 18979 18198 8024 15151 1028 30183 5830 32134 9823 10485 11393 14308 27602 17715 13121 11638 6377 4815 20747 12412 10735 952 15269 15601 4867 17246 6477 9838 18030 29625 22954 23884 30003 15244 6915 3849 15848 2539 28591 9708 15813 13051 6093 27628 14331 18937 821 21711 18246 23677 12206 13199 19910
41
14177 24321 5899 31388 9101 2488 24687 31764 22397 20776 15272 17428 10167 18439 32669 24762 29047 32761 15225 6228 18011 22123 24574 15724 96 2239 4893 1026 21005 21418 25027 15384 9966 8667 17397 5492 26692 3550 10015 20641 31227
68
29353 311 988 19186 15052 17756 23300 28402 5540 5771 8085 24873 18054 6036 25259 16784 13203 996 26770 8087 22925 9223 23350 12999 12778 27499 218 1702 16167 9063 19213 7643 13151 18299 20954 20626 25884 30426 3904 27170 1645 7973 28386 18925 21049 17530 1534 2952 9170 2733 1955 31261 11469 25557 18719 21261 15634 2059 27319 7129 20783 6766 30876 3906 23282 8043 6170 26031
75
10299 5393 31952 3069 22444 25513 8833 28095 9253 27202 1777 8962 31460 10154 6659 22315 10379 2451 22516 1428 10971 1860 18751 2526 20415 21646 14781 2697 17804 16642 27409 29121 135 5985 17987 26747 6568 4436 20651 1985 2717 13149 26641 13386 27410 9486 2578 22606 4912 22905 10949 28568 18275 7143 24223 6621 20833 21709 23444 10060 10856 6907 5503 21350 6854 25879 31172 8720 29343 28490 3636 4839 16363 10553 30513
92
9662 16439 10514 13279 14540 6584 18633 9032 1324 21001 32706 13779 8540 4927 18191 23140 29318 22638 28099 8909 1537 28955 24219 740 9243 22771 26852 1496 22 14269 4248 28101 10608 7565 10699 29061 8808 20282 17221 3274 16317 14099 9329 5737 13753 19918 25206 4345 30318 4033 20643 27037 17728 21077 20496 6430 9123 3511 17026 23357 31526 28368 9360 28743 10417 17784 4868 7401 19722 8934 16260 23622 1694 15467 6258 30791 30847 26209 10256 31794 17065 15198 28392 13695 20361 17325 15723 14055 6848 12542 20696 4541
97
604 14175 14721 2567 9312 16263 17843 10685 24996 30413 1509 7512 14203 31629 7188 18358 25311 9766 4408 6078 14763 19802 6170 4070 9227 10739 29286 26360 18992 7596 11265 9751 19016 24910 8348 26621 2733 24090 32650 7558 31836 13927 16846 31602 25002 16780 18041 30054 27954 32512 2355 27189 19730 17600 10007 25950 30295 11505 9668 6614 17589 1735 12464 31239 17020 20133 16576 4376 11463 29062 25110 367 2038 24475 3115 19572 22623 12853 16413 18328 21313 26854 24906 25239 7161 483 31773 8953 24953 29101 28456 30943 28661 15857 10867 20732 2783
1
30996
19
8982 20626 2304 8831 15707 26545 9505 28647 7428 26962 21929 30804 1780 11808 23205 23914 12490 1420 13525
33
12377 14191 12475 32157 32601 18673 10226 7935 26459 2219 27841 738 27139 9736 5104 16830 31089 22513 4314 31058 5376 22185 22468 13728 7731 11509 31341 27449 31212 9345 29414 26298 20959
64
4260 21911 2631 401 15316 19479 16343 4585 750 27808 25076 28846 9869 5173 15649 19874 6014 12349 2491 15875 6935 8582 21222 22447 2506 20617 18887 1931 23546 22256 22772 10020 30988 25173 3112 5527 31938 13389 8252 22447 26308 25509 20306 846 26752 17131 11604 31246 17716 4144 10397 14119 30793 21005 757 13460 5603 1508 22211 11121 6582 872 31870 13224
72
914688 925701 901740 901379 910152 914448 927205 901899 914968 923174 901198 901392 927368 904848 908827 927173 918612 900782 911743 919459 920797 912360 924045 928641 914289 915176 924829 922980 900812 905990 901617 924568 909279 922116 911000 929792 927184 923644 928147 906154 930625 904086 928567 911526 907477 923262 908242 906777 915696 903702 925073 930445 907455 900200 900513 911499 918137 930142 919701 919916 924900 910389 917000 901740 908314 902447 911235 927744 913293 901000 906913 904042
30
924588 904816 904842 924281 905639 924699 911863 901421 909277 926406 923982 910170 915963 925370 909770 918306 926765 926658 911125 907350 921234 907988 901726 924474 902381 901876 905132 912520 919197 915798
7
917175 907983 904387 928355 910460 931058 925757
72
927890 900459 909542 926863 922295 922250 922398 930918 900599 923069 932588 911368 910380 923908 926623 907671 918214 917669 903861 905644 900296 929057 913915 925931 925203 901478 924918 931802 926695 923974 916866 913651 929447 918568 922553 901367 901340 923646 918806 901510 929661 929911 913114 903661 927598 913013 931759 920127 928838 904129 926860 908455 914517 923390 931032 901372 902630 912347 920018 931478 932289 916365 908592 911456 919284 932221 903942 909103 900051 901181 914154 929362
15
918209 930902 904811 916770 925132 920142 924285 910658 908712 903746 926533 924472 904218 903733 904398
87
907925 930335 911936 916242 916654 916624 904184 923906 902864 912023 914398 902564 910641 913122 910323 928961 917252 906278 932650 930898 907761 926402 922745 929603 905666 919967 908335 929144 915551 904794 921480 920846 913916 919717 924287 930019 909713 929002 903139 917592 915850 928306 915373 922709 918720 925510 921489 931214 916393 912147 907731 921605 915915 924755 902748 901072 927607 918634 901645 924445 912307 913806 923731 908659 916088 906283 922364 923707 922398 906118 904265 920702 918292 923040 911172 905712 901332 900701 926291 913198 930582 911845 915470 902980 915524 927307 901710
19
901679 929901 922502 903216 924160 915483 932439 923759 925809 929659 926558 909858 925245 911787 920913 901373 915668 920745 901962
97
909140 924272 905570 907816 902069 922980 911234 918806 914499 918512 908918 921264 911698 907118 922435 920759 924461 932423 920763 923785 914511 919899 925518 930720 930774 916643 918307 906588 906292 901908 921704 919042 903720 923079 923110 928516 929773 919128 916952 911491 929969 920716 931069 900114 903240 923446 919532 931005 928546 926811 912040 912458 911994 926868 908916 927166 927953 929204 911848 931107 914075 901291 907077 922761 921400 927402 929030 903755 908837 928136 922807 918675 922740 928613 926730 921120 913017 909709 900136 917575 928199 931486 914245 906808 908123 923630 900215 902531 914966 930343 901576 917467 922993 909620 926858 901657 909420
6
923626 906372 923847 901053 920008 909391
74
909251 904646 900707 905038 916538 917151 926559 924420 918874 919995 904413 918360 904752 923904 922616 931981 906052 904938 919819 909853 906360 919774 916666 922540 902707 924603 924215 921146 908735 900787 915134 926108 900336 923737 932450 901677 917767 926202 902668 927425 932053 906545 916161 918234 919076 907190 919075 930079 912978 924023 907323 909833 925247 923882 927349 926432 927082 901537 925676 905446 912470 923935 931560 904402 911923 929258 926629 918143 908730 916705 918615 923878 920921 901328
15
908874 905872 909378 918798 902322 914587 912790 927987 918172 923217 912725 922961 928752 932684 906947
29
907059 927818 918196 918486 926461 926419 916641 905141 929709 906268 911867 912966 909659 906028 916415 928354 917006 924221 925259 912833 916527 912229 908144 912060 922942 911477 926408 922455 913604
59
912458 917886 916361 926306 911643 930959 900870 931353 931495 903193 904477 915957 903153 919524 922632 913046 915751 918833 929424 923635 917882 921922 918655 912377 931629 901405 905047 922741 907755 908942 907076 919603 907101 911979 916560 900967 900604 922651 909270 919373 905764 903769 901689 932109 915818 903478 911573 907233 913456 903517 925750 907897 916855 930971 929416 926623 923892 918431 903759
20
931685 927998 911705 929737 930085 929146 916464 931874 915198 909699 911444 921015 919871 903166 907880 905003 910607 925254 900011 924499
90
927088 911210 902297 920041 921812 913204 906142 908525 900552 918415 924964 910303 923823 906473 913194 906954 906035 917713 923992 921034 905166 909159 906398 907809 910991 902417 904729 914824 911131 920688 907574 916419 916466 916627 920857 926328 905971 909162 905536 926529 929571 908413 925027 920576 903082 912349 913567 911731 923678 914779 902100 917512 919044 913401 916300 919282 917396 923038 924573 924028 915389 917262 902608 905885 910185 900120 900802 902861 924674 900114 918987 905240 903989 924290 900766 909425 902134 926750 914032 904776 912580 927735 912477 905055 925486 911601 931079 923097 925846 902006
93
902036 923701 908139 928106 927672 927327 910947 931932 916112 917768 910867 913032 920473 932232 911111 926875 923097 921499 923539 902885 929394 914860 903947 924602 917879 928339 900406 903448 905470 920348 928257 908681 911991 918666 920945 909387 919100 901979 925659 928943 902505 920334 909911 924863 901613 906659 905074 902947 910561 925858 918563 906310 915225 920414 914689 929460 925689 928379 918450 922311 902794 930990 919719 901506 919757 912580 926982 907965 900432 912614 913640 926338 930558 931611 907717 931256 926523 929550 902444 913918 920113 909586 904120 922842 907620 932451 925759 906771 931981 923310 915276 917851 903333
69
918224 906033 924992 914668 906772 924934 909340 919943 902642 914591 905978 914999 923973 914106 926636 919890 925086 902388 902768 929523 914489 923370 903804 901954 928559 923295 908506 907765 915180 923678 912758 925463 925668 924768 928374 931080 915586 900975 902601 930758 913249 905676 932099 929130 922047 925966 916328 908278 922159 930765 908870 908365 927629 916670 918409 924291 907319 903455 926345 906071 918906 912982 921382 904958 904011 916181 931607 932131 919608
61
919935 932395 926110 900306 916673 931261 907291 926205 927382 905858 901190 919120 924253 929577 930718 916638 917938 911535 904641 924253 926529 906717 903647 929612 904156 924690 906349 925785 904652 917826 927006 911809 920165 925503 914703 920697 932318 908343 927041 912077 910687 904318 928077 907335 903002 909710 920147 909522 919071 920141 923188 920351 916651 927886 921345 924232 918977 917465 913075 922291 916797
72
922396 919098 912292 924041 910877 912264 921599 909793 906778 918726 900074 908659 930475 924024 931304 926085 901524 919457 923129 921573 925688 913454 905327 919154 902089 918161 910077 927709 930179 928685 907281 926129 932378 928754 922723 922513 906544 907465 926414 916417 912268 920882 914016 904425 927176 921003 932525 921877 922441 910165 916072 900607 900469 914002 902196 925329 916255 905073 904631 914854 923718 923917 914672 900625 927232 907058 929739 928736 919217 927490 924147 905954
93
931159 922856 923238 929804 904362 929361 902726 908634 916020 901267 920868 926995 921170 917922 922612 912364 916526 914456 917178 918117 908444 913028 927381 919222 923714 929028 931069 926470 916732 925974 918601 916447 901759 914347 911732 910047 901692 912765 903968 926128 910983 932259 928219 913722 922872 931426 916898 913686 923665 903239 920739 930630 904226 910194 925511 929828 922474 900917 931184 931481 906623 911326 925952 928911 921072 926416 928154 930729 929320 907481 925100 919089 906901 916159 914605 925778 928522 922652 911011 919943 902754 917612 924905 905811 921959 915045 909359 924211 917746 908679 911298 930257 917331
96
929294 929146 918770 916096 912993 916434 926775 906508 929777 906438 920744 908560 918049 922819 903505 905335 904704 907301 900713 923313 909586 912115 928306 904707 922964 909513 929057 901921 932474 911637 924991 919294 926843 930694 927951 923363 918351 915650 920625 903871 911351 916312 909062 916926 924351 922869 900245 927004 927424 926682 904046 903484 900776 912525 911436 922868 908990 902095 915520 913195 905248 922831 927244 905895 913743 923549 921293 907296 911342 904161 926174 927385 925639 920525 931832 900592 932623 904016 927134 905139 907243 907149 904376 924213 905011 928395 913790 915937 905333 927534 906903 926927 917309 905574 910466 902293
36
906918 909366 909920 905158 916120 914693 907587 927080 900111 923078 901838 922522 902717 915763 922083 900234 918054 931216 905157 909369 908372 901006 929650 914050 922316 905326 912179 905816 925506 915305 925809 919119 921993 907856 925130 926301
74
911728 907108 932578 910852 920248 914817 919783 915490 917534 930132 926627 906892 920894 914452 914244 925008 925764 912462 901356 930451 918029 920959 919545 910027 905609 929250 912521 920878 904804 931463 916285 914537 931557 924069 923198 919446 900374 918321 930686 931688 907045 915375 905281 928681 913162 906569 900571 912615 931178 912158 928699 906858 924603 924380 922280 910441 932266 931985 910667 930429 926137 924862 928238 900693 911661 924846 909699 901804 911143 908549 909288 900728 913169 930460
18
916580 920123 918924 928135 929409 914630 912009 923383 913976 909762 910962 923886 905348 903827 921637 926108 921182 904601
81
930294 909688 909328 909606 932537 908589 907060 931878 921260 928696 920745 930754 903717 911269 926235 908039 906190 928134 927778 929080 907945 925159 928872 919400 914770 931716 914189 919623 902789 905657 909130 910909 903903 907065 905045 912309 930793 901379 913285 921020 914514 917906 903351 905418 909692 929876 921072 913375 921147 919902 912708 915922 901849 922974 911350 907494 931421 921041 914912 915615 912652 905590 915477 916948 909361 916738 900806 902404 906010 916501 927330 924398 915811 927341 921601 910171 905847 900442 932099 926271 908883
58
931316 924416 921485 931973 922803 915990 925333 928723 911828 900308 926268 919165 904514 904069 921970 922682 920105 915899 922196 901195 919059 909540 932454 910513 926545 903454 926748 924061 926364 922701 916896 923944 903164 909162 914639 920388 902889 904734 926852 904690 932272 930959 911130 921014 927769 922490 930348 901704 909639 924290 909215 910221 928991 926919 919523 912069 923501 910267
90
914438 908803 928817 907689 922601 900387 924087 924326 931203 927454 916518 914098 922775 926782 902007 929968 927753 910818 908760 903654 921750 903144 900095 924932 909251 904464 913343 910946 903955 906525 923865 903562 925565 922239 922644 922614 919837 918320 925840 924955 918314 913628 913239 911270 918568 900164 905525 911365 932447 915428 915146 922665 912523 923091 915165 925834 905941 929004 921331 921196 916482 923947 905760 913249 922347 916313 932382 918032 923693 908268 904860 920628 910369 914729 906968 923112 918799 911499 903536 911905 904606 910184 913014 917628 927631 915154 911298 930874 917163 927420
9
912520 907258 914525 916794 924164 911670 911322 905334 929150
72
908575 918148 912379 912464 923661 927186 902144 910258 910299 924625 919565 921264 901558 923908 930407 915210 912043 929623 923162 903470 927943 905905 926015 925027 904061 920524 922747 909640 932679 904517 906184 914813 913552 925423 930936 906144 905682 922477 912503 905339 900348 900096 919248 904827 901142 921245 917874 914532 902439 913987 915509 900164 931159 910731 917784 913062 907089 914305 925132 908807 912619 912050 910967 915086 906249 920198 905650 914935 929470 924368 900563 909265
34
926116 925554 917993 925648 928617 915750 924934 929294 907566 917648 918998 910002 928066 922779 905769 926882 929278 911617 910941 919565 927462 920338 915225 923984 929777 926641 906047 904987 916260 924319 920091 911311 903269 917244
2
931371 921487
31
905814 925992 921794 903477 915405 908065 900861 923728 930389 922679 932078 924962 927025 928756 902152 924449 920200 927279 916951 917117 921438 911151 931728 924000 928707 916243 929773 902773 904010 912496 925495
92
907709 912957 903588 909355 919567 908524 920548 916672 908690 907994 923127 906549 911722 920553 903233 926764 927810 930923 911072 928287 913982 900931 923453 918688 918832 913222 908257 920293 917262 901096 918155 906115 908452 932116 931967 903034 905350 932443 932128 910962 919113 917841 903873 925764 927218 913204 916921 911292 928687 905679 909749 909982 911301 930718 927059 908006 932554 915251 906220 906580 909844 901592 927152 913704 911473 915830 923129 914731 921368 907702 930777 929262 901856 910437 909557 917846 913840 930077 914071 908120 906295 909346 911614 907266 917469 930954 930041 904891 906489 924065 926644 926411
97
923531 932049 916766 913038 916267 925370 906052 927151 931140 929078 909245 921025 931038 910907 913268 919436 901356 915716 927881 902466 922923 916322 929363 913005 902733 904535 902822 901157 930135 908001 910417 916870 916040 929812 932587 902241 908795 922475 901072 924210 908110 924256 900198 902482 915332 912442 906661 902766 926184 927527 928982 919096 916147 924554 916890 920412 917808 905622 908591 904374 912670 920860 917231 914370 931670 902049 926233 926548 923054 932020 920788 923273 912924 930943 931953 928765 918815 919707 922353 930110 912218 907049 915911 918145 913026 905246 905695 905876 921979 907486 909534 929556 905150 905741 904108 922848 929790
14
908848 927949 911883 907068 917594 911516 926710 915642 916583 911401 920182 906501 916064 913124
7
927537 906468 919941 926304 926661 928552 910332
3
901718 906300 917415
92
902491 923536 924104 907656 914492 904886 906806 915163 900012 906345 918099 902948 927801 910543 918589 919634 913185 905979 903753 915648 915816 931766 904877 924693 927015 916863 918396 903017 930087 912848 932568 932009 919214 926627 909155 900412 906649 919349 921846 928742 931499 931594 915862 931309 903205 918065 913059 906107 915607 907209 930387 905028 914421 905156 911711 931176 911085 930027 923900 928155 920696 923682 901389 911491 932272 926958 910999 915553 908257 905012 926325 904436 924898 903748 919629 909979 926118 923925 915906 922809 923406 931794 932331 930653 917761 917142 906500 924707 917439 926069 929892 907861
63
913851 906927 922198 919047 902264 906317 900161 922427 926268 931867 913869 902905 926751 920672 906100 901603 926212 908290 903380 914479 923167 923642 925781 904884 907701 913669 905740 920132 925475 915868 911839 915773 904482 926759 908522 923483 925513 913774 904738 904144 929748 910160 919096 922007 904867 919479 926401 915973 903558 929739 901267 900513 919991 927590 927090 905013 928424 917704 929004 927013 912895 903309 916609
25
930015 931292 901895 925013 902762 928480 919373 924104 908164 924028 903679 908644 903129 925754 917193 909107 913441 914309 925887 926988 925091 911129 910845 932013 913143
96
906890 914186 902673 922909 903811 922084 907131 916533 922485 904092 900834 921997 906506 906570 900308 930823 905448 921354 917960 925650 928214 903830 928351 919960 909856 909338 905449 915961 923965 918851 907307 916793 904368 924313 906080 916277 925740 910096 929661 904092 913659 907737 917945 907867 932001 924286 925517 913497 918204 921390 909944 914533 916014 907606 901319 931949 905598 927857 923283 927472 920188 914208 904139 910517 909604 902781 931316 932542 908741 925612 908141 908408 905827 918452 916472 908852 903001 903565 918134 913370 924482 903803 902130 929756 907802 912538 929761 928362 921505 900025 906664 907493 923904 918635 910175 931221
72
927068 917973 931742 915350 920290 930260 903984 918131 919764 921254 924159 928379 919199 924119 931827 928324 930198 914493 919584 903138 928138 927798 912888 921937 908187 911665 925375 931859 917325 912496 927552 905241 911839 900876 915903 914919 928728 900409 923694 925684 928994 921291 929444 925519 932315 904441 930314 922504 932138 931169 907032 906702 915791 921165 914816 925525 904638 925749 928616 913147 912878 911493 906526 913962 903853 911775 929031 914688 904630 900132 927705 925101
18
902512 909578 915229 921450 931683 928649 921304 907741 900455 924331 928294 919825 916142 923496 906870 908236 900540 906695
21
925301 920870 900759 901546 918127 913817 926048 927016 917413 925981 901785 901736 914534 913307 924187 923437 915316 927901 906710 927738 921687
15
914627 917297 903671 932322 921113 927612 906090 915663 923844 927084 926475 902107 902931 930912 905164
39
915654 927264 926768 902747 900790 908609 900662 928583 926520 913706 904304 915452 907055 919106 916596 922439 923525 905687 928301 931322 922645 914797 925147 901346 900553 926805 912219 929528 901119 903041 906921 915419 928050 922518 909731 915070 919254 902467 911120
75
915587 915410 911072 907128 917078 903676 911285 919608 919189 902402 922019 931508 917137 932345 910900 901082 912081 919909 932272 918887 903788 919818 905627 926299 903607 916479 904318 902057 919584 905476 931563 915762 914778 924437 913851 922356 919995 915520 904602 908927 908770 907955 917446 907433 910748 911385 906259 927619 905737 910119 901171 913548 909050 906097 900148 909092 921502 909187 918602 913219 925278 920877 927695 905322 926725 908318 919944 914650 932388 913076 931114 925957 924853 931091 929308
11
921342 904821 924543 916420 919480 922817 914796 928973 911473 919134 923516
68
902191 918089 908430 925364 915798 920165 927684 918446 926411 917523 917199 928657 926810 921347 924013 917168 906837 932426 920111 930277 922750 901044 910464 910469 930855 902491 918499 907923 927128 918904 907388 927540 902321 912506 908498 908131 924881 908629 923859 920806 926710 921629 906777 903553 930085 900819 911723 903785 930316 922751 931207 916475 910310 922238 903966 929198 922527 909342 903713 917063 928056 931944 911419 907340 918126 911933 901279 922298
63
925349 905475 920058 912844 907619 903148 902418 925004 911309 919597 916249 912160 930266 918954 920813 900860 926077 909154 902952 915046 922673 907949 917583 907801 920277 926657 911181 918188 920507 915323 923168 913519 912124 924253 900307 907926 912654 901331 915628 915865 915352 904378 928678 905434 902276 918562 911393 932745 904022 927059 902361 901316 906429 916495 929045 914179 912488 908311 917793 908980 927003 926961 924413
27
910082 930535 920407 907419 925765 909651 926391 928466 909276 918042 924410 902786 901797 913015 914689 901972 914100 922874 908970 912131 907498 927952 931071 918206 905417 906820 915118
95
904838 925830 932538 903032 928608 904363 917359 911909 920625 916982 910747 911808 923203 911190 928763 901984 910948 931375 917236 922663 917053 924253 913539 917866 924639 921463 928887 912401 929695 904016 900318 914241 910372 914884 914109 920121 912574 921009 902916 927098 921081 925507 903104 901931 922739 929653 910739 905915 929258 917716 931169 901064 907417 923014 916045 926784 908485 922252 920548 910790 918675 911428 912535 901719 919068 910386 926831 921645 906179 921599 930812 931043 902855 917954 930703 923611 907284 917887 914089 922589 908127 927725 928690 928768 913521 907901 925678 919502 925379 903319 929710 916131 905036 904743 901827
47
923799 909144 922936 928027 921880 909727 900161 906920 924608 923132 915310 924823 910031 915581 926244 932364 914666 932099 907598 922263 931949 930120 928080 914524 928002 916513 907324 919921 922483 922113 925769 915591 902076 921279 913025 915661 907621 918681 915897 908561 931342 917624 902598 907816 932428 926582 911086
22
902323 914845 924061 917845 927540 906737 918105 902705 919210 928689 928248 902391 907439 900315 920081 912946 914356 904686 900528 915209 910673 913139
35
929382 918233 924094 931072 929111 911410 918898 907246 911028 907491 906051 928775 907778 931695 915584 932595 912791 919266 920016 929097 930815 928425 904124 928003 925855 907430 928877 914479 913304 913796 920247 929767 902382 930632 912983
95
902890 916009 923001 929804 931772 918434 916350 930804 905829 911301 900347 919301 913108 900306 916741 904855 930127 923912 929708 903687 903445 911035 912837 911204 918082 900775 931309 921707 929522 900228 900810 902070 928681 917979 900756 904752 918259 908055 904148 932044 914503 932575 932716 900727 909873 917411 925656 908875 912305 931701 904627 908805 931038 906779 919933 905401 926414 921954 901787 914884 921274 907189 917407 918531 930910 922861 909258 931138 909215 932203 906703 927223 925040 931684 917466 908593 914422 911997 901329 921803 910826 925080 917210 915941 902464 926445 928541 904596 923910 930396 915147 929241 924302 918017 907615
41
921039 904458 904228 920618 915721 900293 909047 903901 917416 911357 920142 918298 910443 908423 909945 917120 915141 911128 921640 906895 913284 920922 930350 909151 917680 912958 920708 928402 924854 916627 927889 931463 932037 903128 903848 925136 921209 902990 909523 908007 925879
15
904911 914460 919512 915690 932695 926674 903433 930718 901798 905451 900337 924041 930359 912257 903573
56
930255 917975 914297 904337 916925 926095 920072 927487 923232 907549 914230 917294 919787 912763 907876 926730 931173 923678 902788 927437 931316 909610 908157 927441 904026 911842 903889 921506 914112 932706 931709 916824 919731 912784 921889 932644 925036 932432 928352 921640 908884 905463 921226 904844 932039 916995 907896 907470 924184 916233 924856 921945 913622 916206 917739 911450
63
902746 903786 916431 913233 916586 909872 916960 927544 904101 916468 906611 917540 931634 923285 929019 902539 900168 908219 910224 919024 912357 926396 922693 904433 904387 924348 927670 900743 924040 909337 926688 915338 929596 917766 929334 907123 901121 931189 914417 923494 925182 904763 912551 905840 930461 925550 928543 910093 914934 911890 929892 932333 916107 919797 914712 922103 909621 910552 924939 927119 903518 914383 919820
45
921969 903147 932607 921261 916367 913685 901168 907078 920196 931389 923111 914645 928505 911797 900157 901602 916714 908503 912173 905798 905563 931566 925166 926003 929863 930644 911488 909428 916186 920279 904070 904438 916960 920673 916051 928904 919676 927961 902983 907487 908061 915012 928348 916445 918190
45
923132 909587 914445 912210 921110 917636 916415 928366 931184 927403 906722 905847 902463 908736 918114 903160 926453 916536 928112 905138 919642 916619 926768 902278 913886 918073 916914 910486 902957 929807 917540 915880 913925 930726 926278 909515 907076 928302 911646 931132 910918 901737 922092 926346 930413
15
923744 926201 903937 902112 912651 927524 902459 917054 913428 917479 928924 929117 918572 912252 904579
76
904643 928996 921087 925862 914044 924809 903394 911564 912607 916769 909079 919669 903247 923605 914229 908715 907579 910243 918355 918776 902552 900097 906527 910633 913806 912067 911402 927826 926833 919870 909958 902674 915956 916654 928659 918296 914329 922069 928022 920038 900716 916453 905867 917717 917745 932512 921277 901466 902491 928702 921491 922759 906238 904079 925741 923861 922119 911585 923951 931104 931947 905252 913245 900339 915229 930252 921705 928262 907396 903159 918024 921349 915756 917328 915275 927635
93
927539 905261 928143 901416 912658 931689 932758 908583 927511 905870 931017 925416 930314 931924 920016 900608 910966 926001 920351 924584 911623 919080 907383 915493 907831 926178 929200 924807 928041 919551 912567 904342 921045 902830 919763 922890 912998 902779 931628 903674 930784 908393 919693 903575 905734 901697 905321 907034 919163 911657 916764 926203 922407 907896 902516 904548 915420 924361 905072 920549 913210 901967 930887 926569 930512 902504 918956 912745 903811 920692 931921 927583 912180 913895 923562 927614 927901 931741 927475 903584 917116 916590 922484 927872 914676 909059 924676 915241 910384 901863 922060 921262 924489
54
906829 918556 913002 910210 916133 907949 913458 908538 910349 927294 907865 920368 924071 930307 911767 924945 925559 917370 929985 906279 918190 930205 927542 911726 916271 931932 915065 930916 902732 905290 903967 903264 925392 928407 929004 916516 915011 905534 926265 921525 906089 924543 926360 910443 915980 902800 924859 916292 901115 919184 922514 929149 930643 926652
17
906084 914941 915429 924160 904552 914040 909346 913540 926578 904665 915138 913054 929400 932624 928132 915296 917583
77
917515 915769 916928 907362 927372 925138 909023 918154 921802 930103 919960 901610 903492 918583 916107 922487 901292 904717 929818 905177 930204 905536 904127 923503 912517 903111 908707 901011 925672 907889 921197 927007 913608 927620 924504 919599 915295 924836 907401 906537 914448 927735 929183 917243 905373 918663 901259 904868 901530 927208 901794 904182 924705 919322 922608 926618 930760 909488 930000 929364 906448 920114 925114 916872 929439 920257 902491 921854 901744 924921 916715 924130 928330 928284 926395 913167 904238
13
920333 923277 904597 903384 929577 919639 908058 917467 905901 921186 923763 914850 922405
13
904357 924013 923099 918961 925304 922679 903153 929364 914729 915097 910508 927420 905568
73
931347 903853 930401 930990 902073 904760 908166 913958 910295 907909 921069 916811 909981 911312 920174 906979 930762 915634 913360 913128 909947 924322 903484 903471 930624 905147 909553 906572 928885 902592 928570 916912 915664 917085 908701 930324 907318 904367 919126 913691 922323 904199 931844 922930 926313 930795 925089 911547 919016 929118 920247 902508 914240 920930 908241 901873 908147 923834 932656 932057 914670 931060 925120 923567 901145 928423 920651 908647 932397 908538 920811 927997 930374
62
901317 930136 914617 912060 920052 926580 901287 917097 904644 928704 900050 926456 927521 929477 907440 909530 925007 914697 910014 927330 930523 904755 926999 926740 909521 913263 909125 900639 905775 921876 916567 931624 914330 921477 901171 915529 928592 922453 909102 924250 904542 918702 930778 922735 925715 904691 919327 930721 918708 930212 925326 901138 923761 931714 918769 914219 909720 914676 901415 926504 908553 930986
100
903127 917482 901504 913282 900252 917915 907429 925862 910265 917996 919292 907008 921292 909198 914882 919274 905369 905928 911986 906501 924682 925803 916965 917712 906356 915720 904894 908666 930588 907360 930565 904437 927226 915740 929042 913740 920509 929983 927661 919606 913679 903128 900467 926955 930585 926332 921468 900150 928586 904435 913210 931532 903252 901298 909220 916956 931960 914825 930196 931303 919812 922398 900974 924626 909082 906906 920579 931898 929202 917666 903349 908551 920802 909193 919259 926020 923230 903620 923751 905006 912187 924830 910278 915594 902904 922413 929543 927036 902078 919940 927296 905238 930791 917546 925997 927214 931006 914379 912411 932595
34
908590 923652 928321 931261 912743 923132 906162 901537 907854 926155 928759 912372 905007 901084 905960 921084 906691 905814 910361 904911 904031 919944 931246 931533 931436 930698 915824 924782 921623 929569 914464 904766 906825 919012
76
925221 915930 913821 903134 930284 916738 905458 918204 900349 906768 905029 918158 919402 911966 902104 912282 910897 931204 920629 914520 919743 913612 910797 911488 901042 904934 920287 909928 925923 925661 923291 929421 928932 913738 914568 920943 907334 917192 909091 903075 926175 919207 930249 903203 921929 906981 922070 930024 903790 927321 930575 925115 922819 921138 932669 919880 916499 931744 919835 919668 913022 922065 909938 905200 916417 926751 904579 931854 924088 905352 924069 930516 922145 924254 908079 911440
99
902463 908952 912682 913422 909384 906973 903040 932324 921990 903971 931309 910104 931245 919454 912619 901910 927757 923057 900700 907781 902849 917335 909155 905032 919338 909761 901240 932171 929436 922433 928700 922236 918358 909414 925065 917399 919992 926825 920398 903975 926128 901319 920730 932426 923766 931888 924278 925364 918137 913568 907512 903670 913817 909516 925461 902656 908182 928959 929975 915173 902344 914885 909071 920031 918289 909704 918317 906643 929041 924793 919246 921494 919960 908145 913269 916271 922465 925848 925629 914783 910589 903047 901869 918046 925965 924841 923341 900840 928436 918503 919480 908920 901708 914052 905971 922068 907864 901189 926525
54
932026 922582 908199 901688 931879 913001 918694 906065 900567 924320 921447 929567 931713 918189 910178 912645 931206 930232 911922 913159 914797 918656 920996 931723 913551 904518 908302 904289 901907 913127 902882 903938 917277 930632 929666 922133 901187 909558 931414 926776 922433 906254 917533 927740 919021 925275 910720 928049 914285 914111 901357 917349 909479 909268
67
916903 916729 925138 905992 905105 924458 914356 916291 927621 931489 915350 928775 926262 907477 929378 930477 918378 914181 904875 920710 929791 917545 928473 931951 919852 918312 919175 902821 920842 931147 908073 924379 909395 915698 905202 922762 927081 910470 911605 921993 902298 915886 930186 917213 919970 908486 910835 912338 932465 925837 909375 906059 920367 915997 904303 921430 922494 913697 911320 928515 927999 909378 905160 919159 901911 907746 926572
21
904179 902413 916721 925403 918217 902828 919018 907693 906081 903932 928498 923630 902869 901951 930450 915219 913813 912306 932709 909661 918189
