100
1 0 1 1 0 1 -1 0 0 -1
2 1 1 2 2 -1 1 -2 -1 2
1 2 1 -2 -1 -2 2 1 -1 2
1 3 1 -3 -1 3 3 1 -3 -1
12 15 8 15 8 5 15 12 15 8
532 732 -468 732 -668 -468 532 -668 732 532
0 2 -22 -24 2 0 -24 -22 0 -24
101 1000 99 -800 101 -800 -800 99 1000 99
13 0 0 13 -13 0 0 -13 5 12
1000 0 -1000 0 0 1000 0 -1000 -600 800
-556 767 -471 796 -19 149 578 -209 626 -117
-331 18 -185 -886 -143 701 816 834 445 14
-257 -856 -134 -733 -772 -368 -169 -701 -827 413
391 414 -290 -128 -329 243 -207 -29 943 -373
-220 592 -193 434 -280 44 -386 -644 -606 -755
930 641 -621 -341 412 33 -84 765 -608 623
-668 144 -696 163 -424 -535 236 -740 847 442
244 274 635 -707 463 316 -840 -709 -596 -796
-487 -833 985 -497 -516 -269 134 485 -346 675
-172 675 -36 723 -870 558 344 834 -706 92
-888 837 -415 -640 999 236 74 540 -288 -441
550 -527 -564 -501 -895 40 -567 931 508 884
-655 -657 392 -849 -327 22 436 -663 -762 731
-475 622 616 270 -438 -218 -134 -370 195 -380
258 644 -390 -594 358 595 664 -413 401 163
-748 -236 572 460 -805 -356 869 752 783 -240
670 -381 482 -365 -64 440 -485 -785 907 899
-246 977 235 170 144 279 400 -978 389 879
372 -579 573 -566 594 428 -529 646 14 -295
-533 -643 475 -78 -169 -682 -544 135 -478 601
975 -77 -962 -77 384 -398 948 133 615 -440
385 -448 380 -465 425 -21 -895 -641 320 -957
880 767 289 940 425 -978 -143 -997 -386 225
-91 159 -900 -955 -293 -76 0 238 -942 -461
-263 -801 -880 887 -484 -582 -498 -998 477 578
456 -623 -963 -848 -471 -667 -537 -986 -36 424
906 -333 238 382 -754 572 -215 -411 -315 -36
-987 -661 678 -860 -570 565 -574 -428 -260 -117
260 -630 -787 -667 118 915 -282 -605 -281 -41
-832 -544 878 507 319 -465 301 16 414 -817
96 501 584 646 29 543 18 -88 -939 -669
566 -479 684 -22 296 -4 -449 444 126 749
-1000 -634 -393 -119 -868 -631 700 -594 838 -645
-146 -637 941 656 -215 -150 -686 -219 -800 661
-572 -380 403 846 -842 -640 -232 -152 827 -536
-484 797 -209 -280 786 -875 -173 -26 673 310
855 275 732 -313 -767 -679 -623 -637 -519 -313
-579 935 -166 695 161 804 -724 933 816 21
-16 36 -862 713 -993 458 -926 11 424 121
-978 832 29 675 -459 860 -453 977 -388 870
-586 -193 -272 256 -857 -850 -251 -381 806 -675
-757 -202 373 306 -504 441 -752 -523 -791 -985
-309 447 524 580 -774 -88 -857 -762 -749 187
-772 331 -78 -105 -705 -949 -725 416 -441 287
-55 377 967 855 -106 760 73 -44 538 -609
-702 260 950 424 196 940 -767 56 267 822
779 -146 215 -24 995 -832 413 140 956 -490
486 -922 -925 -363 27 -730 -248 -36 103 -751
579 520 312 763 -677 -889 -953 63 516 -862
506 14 862 213 -454 563 -444 -198 -516 -760
-539 782 406 -967 753 120 -675 769 -291 574
809 341 760 398 -912 -557 247 -844 334 -618
728 151 823 -386 288 -914 -55 370 -800 -563
-215 -27 -876 -328 -305 -280 -530 293 -366 -26
-418 -422 -595 -731 644 518 338 122 703 538
548 600 -557 797 549 -678 -848 634 121 202
-539 -80 705 -648 587 201 -29 -272 892 841
843 910 989 807 101 599 725 84 -368 -989
482 822 427 443 -577 -761 -620 -18 -651 349
776 -369 -704 564 749 -205 787 233 340 673
-135 159 453 -505 -394 921 346 670 427 -489
-88 -774 -70 -86 -550 -90 853 -649 130 590
835 64 361 261 -655 -365 -205 364 724 211
653 936 922 -148 -658 -949 913 -582 -169 -658
854 426 987 530 697 -950 590 526 -899 -281
-518 789 864 193 308 -287 -325 871 585 771
-52 166 750 -318 -737 -15 -753 -455 444 634
240 -501 792 418 33 582 234 -944 810 88
-537 -611 484 372 -253 -260 -697 -620 287 -541
975 125 -683 468 219 -659 -719 587 -224 342
288 488 -498 551 948 -466 340 -56 -445 345
-188 665 -80 -132 550 -474 -647 -457 -235 -61
354 806 693 938 -256 67 -866 374 -458 -609
-347 -544 -161 -263 783 -571 720 782 570 -927
-781 659 299 101 -377 -624 964 846 -150 -474
-890 78 -262 25 -168 -387 -808 -244 -182 8
790 99 721 -948 294 -778 998 838 179 633
-250 -924 98 -417 208 512 -338 341 125 564
-282 -299 745 -234 -274 -556 -397 -42 435 -340
-671 -2 201 -380 -815 -808 -342 123 795 -996
-925 770 -726 457 -638 -216 974 541 550 652
-446 -184 -265 160 -431 991 -969 600 -915 -72
-705 -12 721 372 -869 575 375 585 -262 454
-931 183 845 -169 -348 -881 991 517 -481 350
484 662 -370 -861 -15 89 472 519 -944 736
972 -626 -347 791 39 931 -133 294 -519 88
-353 314 -288 -103 346 -827 -736 864 267 373
762 -122 590 -320 -390 965 609 4 -661 -114
373 -186 -175 798 -555 -51 573 246 -379 -179
66 458 -199 639 -898 448 870 -142 858 393
