1000
444
5288
2140
5428
7501
9784
2504
4566
3479
595
6055
2750
8189
7413
5939
2439
4444
3781
4305
847
987
2568
3241
982
6813
1886
2835
1827
1953
2123
2473
1604
1209
3500
2296
2777
1034
7635
2576
2186
2661
847
718
529
6091
4335
5309
8465
7544
4556
4162
1350
499
25
739
7046
9597
606
375
8349
8141
599
9028
5525
3374
3285
9288
1592
7548
9369
5248
914
1233
893
7661
8122
1198
4670
3795
3524
9433
3561
3324
8073
1716
4024
4173
6363
7779
7141
4110
2328
2729
6620
2508
7213
9437
3679
1436
1241
1588
1245
3840
5097
7120
5144
1850
7746
6737
260
1847
6120
1666
447
8807
2604
6421
2413
6542
5353
4726
139
6874
6235
2578
8342
6645
6418
5562
6059
14
8851
1624
7131
8249
8791
4696
359
1205
7702
4327
2788
3715
4472
7783
1095
605
8721
3120
8986
1871
7366
8581
4463
6134
1430
1275
5427
3432
9819
9900
6928
941
3205
7850
7977
9401
4644
7542
3967
2734
1279
5630
2672
1901
6499
558
5401
7779
6310
365
9056
7978
2680
1158
4557
3990
1462
1346
3489
8653
8247
7056
3462
9212
5279
4409
3456
9242
561
4025
194
857
3410
7923
729
9923
4272
9192
3937
2371
8563
9538
3885
8162
1276
9029
7201
9954
4317
9254
9655
6347
7787
8065
6847
8352
7707
2707
1974
5189
8596
610
8377
2961
4015
1312
7616
7891
6785
6563
5172
5493
9217
4859
9022
9515
64
9670
7078
8182
7405
4303
2567
4349
5902
8742
4505
5404
885
6983
672
4015
4961
1319
8542
9957
1888
8724
2732
8594
9964
5868
4366
1235
2545
591
5977
2938
100
5320
3991
7457
9786
3060
9588
8742
6977
8563
7863
383
2959
2645
977
7962
1119
3835
274
1289
8018
8707
8639
1410
2218
5638
7453
2758
1687
4940
7764
7569
9369
1884
2862
6755
8282
481
6828
6638
5107
3449
1813
7934
958
6810
4718
3078
4351
5064
1055
9908
2280
9852
2204
3953
542
1957
9935
6196
7548
7833
8912
3581
8344
7260
961
6911
3028
4352
6341
8943
8530
4088
8020
7347
2441
7767
3567
3651
7200
1128
715
7307
629
6362
1788
7649
7196
7345
7994
3987
8795
364
7125
9384
8862
5795
3454
8950
7472
2514
31
7595
5196
4838
1622
8096
8286
9408
5149
7775
1919
4586
4204
1272
4009
5266
1717
2170
5818
7993
7371
4312
188
3667
9951
9976
2469
8269
2299
2979
5610
3965
194
9994
2754
2050
1750
5959
7135
126
270
9013
6563
9999
4373
2555
6679
9203
7823
8202
9740
4862
1713
7211
5351
1718
5339
5821
411
244
5682
4845
1968
2207
644
7349
7448
2960
6554
5238
943
2246
2350
287
7240
5593
862
8216
6217
867
4676
7469
2010
5352
7003
4583
125
6869
2745
1182
2531
935
8580
3928
9942
9119
9478
7443
3565
2359
2644
6537
532
2597
2440
9978
4200
4361
6758
3841
3514
8549
5573
8265
4255
532
4355
4071
3655
8756
8691
4125
9489
6005
3873
8126
5144
9419
7978
754
1201
8698
2852
653
8932
6391
1428
7508
1843
187
7504
1312
2774
610
8100
8802
6154
1792
5554
9619
3967
2618
107
5410
4986
5893
3997
4422
4824
651
1707
1556
1272
9650
2359
3012
8052
1675
7824
3310
4271
4502
8099
2703
5966
6553
3025
6648
8752
3082
6396
8147
6843
6518
5417
7931
755
4697
4851
4429
3997
3182
7734
7931
4952
2107
8688
3684
331
6536
2767
1623
5299
6851
1447
4727
1155
398
5396
397
7243
8679
3357
5648
8604
6914
7350
1720
9898
8511
1898
9952
8215
2997
6318
3433
7012
2174
1713
5703
8741
7460
5006
2154
7327
1552
1125
1510
4156
1755
1779
4106
2084
6525
809
8305
8888
4756
7358
1714
2458
4321
2944
4661
9126
8904
9219
964
818
2402
4750
5628
2365
979
5919
3970
802
2137
7498
9028
6889
1410
9133
5641
7875
6556
9909
2499
3425
4935
75
5548
945
6654
3694
2407
8914
9769
2489
567
6653
1781
5135
8542
8027
9225
4506
8827
7530
5803
6061
3462
4587
4638
4269
6667
597
2373
2506
8126
8482
6837
7191
4659
6470
6488
4976
1680
304
64
910
9973
1741
1300
6435
8610
8659
7177
9604
2287
3481
1750
199
5613
3016
2326
9942
4320
8702
6791
2773
6395
5313
8237
6367
5950
5407
5683
2740
5605
9328
2639
9662
6834
8554
1164
3448
4630
4949
9851
7681
929
9873
8384
8417
3707
5707
8187
7651
9533
362
7406
18
2031
6817
6962
9538
8460
1053
6427
5276
4725
5349
4848
6555
9815
5391
8017
9980
8366
3675
3436
7818
7914
9305
569
8796
7820
5063
4326
7619
7049
2327
9919
8662
9949
6434
6442
9047
8366
5297
9016
3223
1436
1034
5209
2568
4172
5802
4954
1080
672
2157
8607
2281
3546
1299
2369
2868
8224
1247
115
4361
7070
2173
7584
5481
2488
2586
5719
7077
6756
5294
8525
670
8321
6812
9508
7412
621
4714
9831
8012
9800
1030
4437
2059
5811
5077
4303
6167
9823
512
535
5568
3610
7731
4538
7915
9385
5342
1110
8987
1853
5122
6465
8494
5388
9211
1927
5094
6458
9534
1402
8847
1433
8688
5596
6881
9833
9572
6103
473
9382
9650
8953
5997
1699
7654
2471
2981
2251
2536
90
1652
6790
233
789
2703
4492
5295
6684
2790
4457
1824
405
9543
8649
5181
4035
3542
7319
2316
2278
8785
9410
3223
3241
6361
7393
1964
3958
33
7315
9755
7409
3447
4624
1336
1446
9967
2127
2664
3622
1969
1185
2841
6804
1187
6399
2756
88
2010
3775
8862
2662
3128
5941
4651
9639
3328
5003
7603
796
1879
3791
4247
658
8712
2202
7735
4827
6537
533
7788
5401
5606
4235
7997
9782
7199
7038
9752
4139
3764
176
600
202
9521
756
5122
7234
7849
5407
1232
6773
5341
9959
1010
1353
6073
181
4001
6543
997
2697
9348
7517
9858
2229
9633
4964
6133
3117
7836
2184
1799
1297
6938
